DATE,SEASON,SITENAME,BOUT,S17_Count,S18_Count,S19_Count,S20_Count,S33_Count,S36_Count,S38_Count,S39_Count,S40_Count,S41_Count,S42_Count,S47_Count,S50_Count,S51_Count,S54_Count,S55_Count,S71_Count,S74_Count,S76_Count,S77_Count,S78_Count,S80_Count,S81_Count,S83_Count,S84_Count,S86_Count,S88_Count,S91_Count,S92_Count,S94_Count,S99_Count,S100_Count,S101_Count,S35_Count,S103_Count,S105_Count,S107_Count,S110_Count,S115_Count,S117_Count,S118_Count,CPUE,VIS,WIDTH,DEPTH,TEMP,DO_perSat,DO,Specific_Conductance,Salinity,TURB
2004-11-01,WET,North River1,3,0,0,0,0,0,0,0,0,0,0,0,0,2,0,0,0,0,0,0,0,0,0,0,0,0,0,0,0,0,1,0,0,0,0,0,0,0,0,0,0,0,3,1.10,-9999,1.20,27.4,71.6,5.66,797.00,0.4,2.63
2004-11-01,WET,North River1,2,0,0,0,0,0,0,0,0,0,0,0,0,1,0,0,0,0,0,0,0,0,0,0,0,0,0,0,0,0,0,0,0,0,0,0,0,2,0,0,0,0,3,1.20,15,1.40,27.3,68.8,5.03,786.00,0.4,2.20
2004-11-01,WET,North River1,1,0,0,0,0,0,0,0,0,0,0,0,0,3,0,1,0,0,0,0,0,0,0,0,0,0,0,0,0,0,0,0,0,0,0,0,0,0,0,0,0,0,4,1.42,10,1.42,27.7,65.0,5.18,779.00,0.4,1.96
2004-11-02,WET,North River2,2,0,0,0,0,0,0,0,0,0,0,0,0,0,0,0,0,0,0,0,0,0,0,0,0,0,0,0,0,0,0,0,0,0,0,3,0,0,0,0,0,0,3,1.00,16,1.00,27.3,59.2,4.70,685.00,0.3,3.35
2004-11-02,WET,North River2,3,0,0,0,0,0,0,0,0,0,0,0,0,0,0,0,0,0,0,0,0,0,0,0,0,0,0,0,0,0,0,0,0,0,0,0,0,0,0,0,0,0,0,1.05,12,0.95,27.0,73.9,5.94,675.00,0.3,3.93
2004-11-02,WET,North River2,1,0,0,0,0,0,0,0,0,0,0,0,0,0,0,0,0,0,0,0,0,0,0,0,0,0,0,0,0,0,0,0,0,0,0,0,0,0,0,0,0,0,0,1.10,16,1.10,27.3,58.9,4.61,748.00,0.4,3.30
2004-11-02,WET,North River3,1,1,0,0,0,0,0,0,0,0,0,0,0,3,0,0,0,0,1,0,0,0,0,0,0,0,0,0,0,0,1,0,0,1,0,0,0,3,0,0,0,0,10,1.40,20,1.40,25.9,19.9,1.68,2821.00,1.5,0.20
2004-11-02,WET,North River3,2,0,0,0,0,0,0,0,0,0,0,0,0,0,0,0,0,0,0,0,0,0,0,0,0,0,0,0,0,0,0,0,0,1,0,5,0,0,0,0,0,0,6,1.55,12,1.55,26.1,21.1,1.68,2552.00,1.3,0.48
2004-11-02,WET,North River3,3,0,0,0,0,0,0,0,0,0,0,0,0,0,0,0,0,0,1,0,0,0,0,0,0,0,0,0,0,0,1,0,0,0,0,4,0,0,0,0,0,0,6,1.80,16,1.80,26.3,21.3,1.72,2339.00,1.2,0.15
2004-11-03,WET,Watson River4,3,0,0,0,0,0,0,0,0,0,0,0,0,0,0,0,0,0,0,0,0,0,0,0,0,0,0,0,0,0,0,0,0,0,0,1,0,0,0,0,0,0,1,1.40,28,1.50,27.7,50.7,4.04,905.00,0.4,1.33
2004-11-03,WET,Watson River4,2,0,0,0,0,0,0,0,0,0,0,0,0,0,0,0,0,0,0,0,0,0,0,0,0,0,0,0,0,0,0,0,0,0,0,0,0,0,0,0,0,0,0,1.65,35,1.75,27.6,54.7,4.36,921.00,0.5,1.08
2004-11-03,WET,Watson River4,1,0,0,0,0,0,0,0,0,0,0,0,0,0,0,0,0,0,0,0,0,0,0,0,0,0,0,0,0,0,0,0,0,1,0,0,0,0,0,0,0,0,1,2.00,30,2.00,27.5,53.9,4.43,948.00,0.5,2.62
2004-11-03,WET,Watson River5,1,0,0,0,0,0,0,0,0,0,1,0,0,0,0,0,0,3,0,0,0,0,0,0,0,2,0,0,0,0,0,0,0,0,0,0,0,0,0,0,0,0,6,1.90,18,1.90,28.0,19.4,1.59,2258.00,1.1,0.11
2004-11-03,WET,Watson River5,2,0,0,0,0,0,0,0,0,0,0,0,0,0,0,0,0,0,0,0,0,0,0,0,0,0,0,0,0,0,0,0,0,0,0,0,0,0,0,0,0,0,0,1.90,18,1.90,28.1,20.4,1.58,2190.00,1.1,0.15
2004-11-03,WET,Watson River5,3,0,0,0,0,0,0,0,0,0,0,0,0,0,0,0,0,0,0,0,0,0,0,0,0,0,0,0,0,0,1,0,0,30,0,5,0,0,0,0,0,0,36,1.90,22,1.90,28.4,22.5,1.70,2114.00,1.0,0.40
2004-11-04,WET,Watson River6,2,0,0,0,0,0,0,0,0,0,0,0,0,0,0,0,0,6,0,0,0,0,0,0,0,0,0,0,0,1,0,0,0,0,0,5,0,0,0,0,0,0,12,1.35,12,2.00,29.6,37.4,2.77,10110.00,5.7,3.29
2004-11-04,WET,Watson River6,1,0,0,0,0,0,0,0,0,0,0,0,0,0,0,0,0,6,2,0,0,0,0,0,0,0,0,0,0,0,0,0,0,0,0,2,0,0,0,0,0,0,10,1.40,10,2.00,29.5,45.4,3.35,10400.00,6.0,3.22
2004-11-04,WET,Watson River6,3,0,0,0,0,0,0,0,0,0,0,0,0,0,0,0,0,2,1,0,0,0,0,0,0,2,0,0,0,1,0,0,0,0,0,6,0,0,0,0,0,0,12,1.50,10,1.80,29.0,16.5,1.30,4079.00,2.1,0.43
2004-11-15,WET,Rookery Branch7,3,0,0,0,0,0,1,0,0,0,2,0,0,0,0,0,1,0,0,0,2,0,0,0,0,0,0,0,0,0,0,0,0,0,0,2,0,0,0,0,0,0,8,1.35,5,1.35,22.9,-9999.0,7.94,-9999.00,2.7,-9999.00
2004-11-15,WET,Rookery Branch7,1,1,0,0,2,0,1,0,0,0,0,0,0,0,0,0,0,0,1,0,0,0,0,0,0,0,0,0,0,0,0,0,0,0,0,1,0,3,0,0,0,0,9,1.35,3,1.35,20.7,-9999.0,6.52,-9999.00,3.7,-9999.00
2004-11-15,WET,Rookery Branch7,2,0,0,0,0,0,0,0,0,0,0,0,0,0,0,0,0,0,1,0,0,0,0,0,0,0,0,0,0,0,0,0,0,0,0,1,0,0,0,0,0,0,2,1.30,4,1.30,21.7,-9999.0,7.30,-9999.00,3.1,-9999.00
2004-11-16,WET,Rookery Branch10,2,1,0,0,0,0,0,0,1,1,0,0,0,0,0,0,0,0,0,0,0,0,0,0,0,1,0,0,0,0,0,0,0,0,0,2,0,0,0,0,0,0,6,1.28,6,1.28,19.2,-9999.0,3.69,-9999.00,12.9,-9999.00
2004-11-16,WET,Rookery Branch10,3,0,0,0,0,0,0,0,0,0,0,0,0,0,0,0,0,0,1,0,0,0,0,0,0,0,0,0,0,0,0,0,0,0,0,5,0,0,0,0,0,0,6,1.30,11,1.30,19.1,-9999.0,3.09,-9999.00,12.6,-9999.00
2004-11-16,WET,Rookery Branch10,1,0,0,0,0,0,0,0,0,0,0,0,0,0,0,0,0,0,1,0,0,0,0,0,0,0,0,0,0,0,0,0,0,0,0,6,0,0,0,0,0,0,7,1.68,22,1.68,19.4,-9999.0,4.30,-9999.00,13.0,-9999.00
2004-11-16,WET,Rookery Branch9,1,2,0,0,0,0,0,0,0,0,0,0,0,0,0,0,0,0,1,0,0,0,0,0,0,0,0,0,0,0,0,0,0,0,0,7,0,0,0,0,0,0,10,-9999.00,15,1.65,19.8,-9999.0,6.90,-9999.00,7.7,-9999.00
2004-11-16,WET,Rookery Branch9,2,0,0,0,1,0,0,0,0,0,0,0,0,2,0,1,0,0,0,0,0,0,0,0,0,0,0,0,0,0,0,0,0,0,0,4,0,0,0,0,0,0,8,0.95,5,1.47,19.8,-9999.0,6.31,-9999.00,6.2,-9999.00
2004-11-16,WET,Rookery Branch9,3,0,0,0,1,0,0,0,0,0,0,0,0,0,0,1,0,0,0,0,0,0,0,0,0,0,0,0,0,0,0,0,0,0,0,6,0,0,0,0,0,0,8,1.17,10,1.26,20.5,-9999.0,6.15,-9999.00,5.6,-9999.00
2004-11-17,WET,Rookery Branch11,2,0,0,0,0,0,0,0,0,0,0,0,0,3,0,0,0,0,0,0,0,0,0,0,0,0,0,0,0,0,0,0,0,29,0,12,0,0,0,0,0,0,44,0.92,25,0.92,19.7,-9999.0,4.68,-9999.00,13.0,-9999.00
2004-11-17,WET,Rookery Branch11,3,2,0,0,1,0,0,0,0,0,0,0,0,10,0,0,0,0,0,0,1,0,0,0,0,0,0,0,0,0,1,0,0,35,0,1,0,0,0,0,0,0,51,1.08,10,1.08,20.4,-9999.0,4.30,-9999.00,12.8,-9999.00
2004-11-17,WET,Rookery Branch11,1,1,0,0,0,0,0,0,0,0,0,0,0,0,0,0,0,0,0,0,0,0,0,0,0,0,0,0,0,0,0,0,0,0,0,6,0,1,0,0,0,0,8,1.44,14,1.44,20.0,-9999.0,4.86,-9999.00,13.3,-9999.00
2004-11-17,WET,Rookery Branch12,1,0,0,0,0,0,0,0,0,0,0,0,0,0,0,0,0,0,0,0,0,0,0,0,0,0,0,0,0,0,0,0,0,0,0,1,0,0,0,0,0,0,1,1.16,10,1.48,20.8,-9999.0,4.93,-9999.00,12.8,-9999.00
2004-11-17,WET,Rookery Branch12,3,0,0,0,1,0,0,0,0,0,0,0,0,8,0,0,0,0,0,0,0,0,0,0,0,0,0,0,0,0,0,0,0,0,0,1,0,0,0,0,0,0,10,1.30,8,1.30,21.0,-9999.0,4.94,-9999.00,10.1,-9999.00
2004-11-17,WET,Rookery Branch12,2,0,0,0,0,0,0,0,0,0,0,0,0,1,0,0,0,0,1,0,0,0,0,0,0,0,0,0,0,0,0,0,0,14,1,4,0,0,0,0,0,0,21,1.48,8,1.48,21.1,-9999.0,5.09,-9999.00,11.2,-9999.00
2004-11-18,WET,Rookery Branch8,1,0,0,0,0,0,0,0,0,1,2,1,0,0,0,0,0,0,0,0,0,0,0,0,0,0,0,0,0,0,0,0,0,0,0,7,0,0,0,0,0,0,11,1.12,6,1.78,18.8,-9999.0,3.71,-9999.00,4.0,-9999.00
2004-11-18,WET,Rookery Branch8,3,0,0,0,1,0,1,0,0,0,0,0,0,0,0,1,0,0,0,0,0,0,0,0,0,0,0,0,0,0,0,0,0,0,0,7,0,0,0,0,0,0,10,1.50,9,1.70,19.3,-9999.0,2.87,-9999.00,3.1,-9999.00
2004-11-18,WET,Rookery Branch8,2,0,0,0,0,0,1,0,0,0,0,0,0,0,0,1,0,0,0,0,0,0,0,0,0,0,0,0,0,0,0,0,0,0,0,9,0,0,0,0,0,0,11,1.50,14,1.69,19.2,-9999.0,3.30,-9999.00,3.5,-9999.00
2005-02-01,TRANS,North River1,1,0,0,0,0,0,0,0,0,0,0,0,0,0,0,1,0,0,0,0,0,0,0,0,0,0,0,0,0,0,0,0,0,0,0,0,0,3,0,0,0,0,4,1.00,24,1.60,24.6,80.3,6.00,29620.00,18.2,1.56
2005-02-01,TRANS,North River1,2,0,0,0,0,0,0,1,0,0,1,0,0,0,0,2,0,0,0,0,0,0,0,0,0,0,0,0,0,0,0,0,0,0,0,0,0,0,0,0,0,0,4,1.20,10,1.68,24.4,66.9,5.02,28720.00,17.7,1.73
2005-02-01,TRANS,North River1,3,0,0,0,0,0,0,0,0,0,0,0,0,0,0,0,0,0,0,0,0,0,0,0,0,0,0,0,0,0,1,0,0,0,0,0,0,0,0,0,0,0,1,1.22,20,1.40,24.2,54.7,4.20,27920.00,17.2,1.51
2005-02-01,TRANS,North River2,2,0,0,0,0,0,0,0,0,0,0,0,0,0,0,0,0,0,0,0,0,0,0,0,0,0,0,0,0,0,0,0,0,0,0,0,0,0,0,0,0,0,0,1.00,7,1.70,26.6,69.2,5.00,27880.00,17.2,0.71
2005-02-01,TRANS,North River2,1,0,0,0,0,0,0,0,0,0,0,0,0,1,0,0,0,0,0,0,0,0,0,0,0,0,0,0,0,0,1,0,0,0,0,0,0,0,0,0,0,0,2,1.00,14,1.75,27.6,59.9,4.54,25190.00,15.6,1.05
2005-02-01,TRANS,North River2,3,0,0,0,0,0,0,0,0,0,0,0,0,1,0,0,0,0,0,0,0,0,0,0,0,0,0,0,0,0,0,0,0,0,0,0,0,0,0,0,0,0,1,1.10,9,1.70,27.0,53.1,3.89,25770.00,15.9,0.81
2005-02-01,TRANS,North River3,2,0,0,0,1,0,0,0,0,0,0,0,0,0,0,0,0,0,0,0,0,0,0,0,0,0,0,0,0,0,0,0,0,0,0,1,0,0,0,0,0,0,2,0.95,25,1.65,26.7,81.3,5.67,27330.00,16.7,2.49
2005-02-01,TRANS,North River3,1,0,0,0,0,0,0,0,0,0,0,0,0,0,0,0,0,0,0,0,0,0,1,0,0,0,0,0,0,0,0,0,0,0,0,0,0,0,0,0,0,0,1,1.10,10,1.85,26.3,94.2,6.85,27270.00,16.9,0.84
2005-02-01,TRANS,North River3,3,1,0,0,0,0,0,0,0,0,0,0,0,10,0,0,0,0,0,0,0,0,0,0,0,0,0,0,0,0,1,0,0,0,0,0,0,2,0,0,0,0,14,1.20,13,1.90,27.5,77.4,5.69,27510.00,16.9,1.65
2005-02-02,TRANS,Watson River5,1,0,0,0,0,0,0,0,0,0,0,0,0,0,0,0,0,0,0,0,0,0,1,0,0,0,0,0,0,0,0,0,0,0,0,0,0,0,0,0,0,0,1,1.35,28,1.55,26.7,44.5,3.55,863.00,0.4,1.38
2005-02-02,TRANS,Watson River5,2,0,0,0,0,0,0,0,0,0,0,0,0,0,0,0,0,0,0,0,0,0,0,0,0,0,0,0,0,0,0,0,0,0,0,0,0,0,0,0,0,0,0,1.40,24,1.60,26.6,49.9,3.55,845.00,0.4,0.62
2005-02-02,TRANS,Watson River5,3,0,0,0,0,0,0,0,0,0,0,0,0,0,0,0,0,0,0,0,0,0,0,0,0,0,0,0,0,0,0,0,0,0,0,0,0,0,0,0,0,0,0,1.50,24,1.70,27.7,43.5,3.46,760.00,0.4,1.00
2005-02-02,TRANS,Watson River6,2,0,0,0,0,0,0,0,0,0,0,0,0,0,0,0,0,0,0,0,0,0,0,0,0,0,0,0,0,0,0,0,0,0,0,0,0,0,0,0,0,0,0,1.00,6,1.00,25.2,31.4,2.59,703.00,0.3,1.68
2005-02-02,TRANS,Watson River6,3,0,0,0,0,0,0,0,0,0,0,0,0,0,0,0,0,0,0,0,0,0,0,0,0,0,0,0,0,0,0,0,0,0,0,0,0,0,0,0,0,0,0,1.00,7,1.00,25.3,31.7,2.60,685.00,0.3,1.90
2005-02-02,TRANS,Watson River6,1,0,0,0,0,0,0,0,0,0,0,0,0,0,0,0,0,0,0,0,0,0,0,0,0,0,0,0,0,0,0,0,0,0,0,1,0,0,0,0,0,0,1,1.10,8,1.18,25.0,32.2,2.66,720.00,0.4,1.25
2005-02-03,TRANS,Watson River4,3,0,0,0,0,0,0,0,0,0,0,0,0,0,0,0,0,0,0,0,0,0,0,0,0,0,0,0,0,0,0,0,0,0,0,0,0,0,0,0,0,0,0,1.10,5,1.10,25.6,13.7,1.11,1671.00,0.9,0.60
2005-02-03,TRANS,Watson River4,2,0,0,0,0,0,0,0,0,0,0,0,0,0,0,0,0,0,0,0,0,0,0,0,0,0,0,0,0,0,0,0,0,0,0,0,0,0,0,0,0,0,0,1.18,18,1.18,26.0,8.9,0.76,1782.00,0.9,1.00
2005-02-03,TRANS,Watson River4,1,0,0,0,0,0,0,0,0,0,0,0,0,0,0,0,0,0,0,0,0,0,0,0,0,0,0,0,0,0,0,0,0,0,0,0,0,0,0,0,0,0,0,1.30,17,1.30,26.0,0.5,5.90,1920.00,1.0,0.64
2005-03-07,TRANS,Rookery Branch11,1,13,0,0,4,0,0,0,0,1,0,0,0,1,0,0,0,0,0,0,0,0,0,0,0,1,0,0,0,0,0,0,0,0,0,0,0,7,0,0,0,0,27,-9999.00,15,1.64,21.6,-9999.0,3.68,-9999.00,0.2,-9999.00
2005-03-07,TRANS,Rookery Branch11,2,10,0,0,1,0,0,2,1,6,21,163,0,1,0,0,3,0,0,0,0,1,0,0,0,0,0,0,0,0,0,0,0,0,0,0,0,0,0,0,0,0,209,-9999.00,12,1.21,21.2,-9999.0,3.69,-9999.00,0.2,-9999.00
2005-03-07,TRANS,Rookery Branch11,3,36,0,0,12,0,0,0,0,4,0,0,0,4,0,0,3,0,0,0,0,0,0,0,0,0,0,0,0,0,0,0,0,1,0,0,0,0,0,0,0,0,60,-9999.00,8,1.35,21.5,-9999.0,3.95,-9999.00,0.2,-9999.00
2005-03-07,TRANS,Rookery Branch7,1,11,0,0,0,0,0,0,0,0,0,0,0,0,0,0,2,0,0,0,0,0,0,0,0,0,0,0,0,0,0,0,0,0,0,0,0,0,0,0,0,0,13,-9999.00,8,1.40,23.2,-9999.0,3.22,-9999.00,0.2,-9999.00
2005-03-07,TRANS,Rookery Branch7,2,11,0,0,0,0,0,0,0,0,0,0,0,0,0,0,1,0,0,0,0,0,0,0,0,0,0,0,0,0,0,0,0,0,0,0,0,0,0,0,0,0,12,-9999.00,6,1.42,23.2,-9999.0,3.30,-9999.00,0.2,-9999.00
2005-03-07,TRANS,Rookery Branch7,3,10,0,0,0,0,0,0,0,0,0,0,0,0,0,0,2,0,0,0,0,0,0,0,0,0,0,0,0,0,0,0,0,0,0,0,0,0,0,0,0,0,12,-9999.00,6,1.28,22.9,-9999.0,3.58,-9999.00,0.2,-9999.00
2005-03-08,TRANS,Rookery Branch10,1,18,0,3,5,0,0,0,0,4,0,0,0,8,0,0,1,0,0,0,0,0,0,0,0,0,0,0,0,0,0,0,0,0,0,0,0,37,0,0,0,0,76,-9999.00,6,1.76,23.0,-9999.0,3.76,-9999.00,0.2,-9999.00
2005-03-08,TRANS,Rookery Branch10,3,18,0,0,3,0,0,0,0,2,0,0,0,9,0,0,5,0,0,0,0,0,0,0,0,1,0,0,0,0,0,0,0,2,0,0,0,2,0,0,0,0,42,-9999.00,10,1.28,23.5,-9999.0,4.36,-9999.00,0.2,-9999.00
2005-03-08,TRANS,Rookery Branch10,2,13,0,0,8,0,0,0,0,4,1,0,0,16,0,1,5,0,0,0,0,1,0,0,0,3,0,0,0,0,1,0,0,0,0,0,0,0,0,0,0,0,53,-9999.00,8,1.29,23.1,-9999.0,4.38,-9999.00,0.2,-9999.00
2005-03-08,TRANS,Rookery Branch12,1,13,0,0,0,0,0,0,0,0,1,0,0,0,0,0,1,0,0,0,0,0,0,0,0,0,0,0,0,0,1,0,0,0,0,0,0,3,0,0,0,0,19,-9999.00,7,1.29,21.5,-9999.0,3.71,-9999.00,0.3,-9999.00
2005-03-08,TRANS,Rookery Branch12,2,19,0,0,5,0,0,0,0,0,0,0,0,2,0,1,2,0,0,0,0,0,0,0,0,0,0,0,0,0,0,0,0,0,0,0,0,1,0,0,0,0,30,-9999.00,8,1.92,21.8,-9999.0,3.76,-9999.00,0.3,-9999.00
2005-03-08,TRANS,Rookery Branch12,3,11,0,0,2,0,0,0,0,1,0,0,0,3,0,0,2,0,0,0,0,0,0,0,0,0,0,0,0,0,1,0,0,0,0,0,0,0,0,0,0,0,20,-9999.00,12,1.75,22.0,-9999.0,3.78,-9999.00,0.3,-9999.00
2005-03-08,TRANS,Rookery Branch8,1,21,0,0,8,0,0,0,0,2,0,0,0,26,0,0,4,0,0,0,0,2,0,0,0,0,0,0,0,0,0,0,0,2,0,0,0,0,0,0,0,0,65,-9999.00,25,1.32,21.7,-9999.0,3.06,-9999.00,0.2,-9999.00
2005-03-08,TRANS,Rookery Branch8,2,19,0,1,8,0,0,1,0,0,0,0,0,13,0,1,3,0,0,0,0,0,0,0,0,0,0,0,0,0,0,0,0,0,0,0,0,0,0,0,0,0,46,-9999.00,12,1.06,21.2,-9999.0,3.42,-9999.00,0.2,-9999.00
2005-03-08,TRANS,Rookery Branch8,3,50,0,0,7,0,0,1,0,1,5,0,0,1,0,0,4,0,0,0,0,1,0,0,0,8,0,0,0,0,0,0,0,1,0,0,0,0,0,0,0,0,79,-9999.00,5,1.07,21.9,-9999.0,3.47,-9999.00,0.2,-9999.00
2005-03-08,TRANS,Rookery Branch9,3,35,2,4,15,0,0,1,0,3,8,10,0,3,0,0,10,0,0,0,0,1,0,0,0,0,0,0,0,0,0,0,0,0,0,0,0,0,0,0,0,0,92,-9999.00,6,1.24,22.3,-9999.0,3.06,-9999.00,0.2,-9999.00
2005-03-08,TRANS,Rookery Branch9,1,24,0,0,10,0,0,0,0,3,0,40,0,0,0,0,1,0,0,0,0,8,0,0,0,0,0,0,0,0,0,0,0,3,0,0,0,1,0,0,0,0,90,-9999.00,8,1.39,21.9,-9999.0,3.12,-9999.00,0.2,-9999.00
2005-03-08,TRANS,Rookery Branch9,2,18,0,0,11,0,0,0,0,0,1,0,0,3,0,0,3,0,0,0,0,1,0,0,0,8,0,0,0,0,0,0,0,3,0,0,0,0,0,0,0,0,48,-9999.00,8,1.40,22.0,-9999.0,3.16,-9999.00,0.2,-9999.00
2005-04-11,DRY,North River1,3,1,0,0,0,0,0,0,0,0,0,0,0,0,0,1,0,0,0,0,0,0,0,0,1,0,0,0,0,0,0,0,0,0,0,0,1,0,0,0,0,0,4,1.20,28,1.90,22.6,60.2,4.95,1610.00,0.8,1.41
2005-04-11,DRY,North River1,2,0,0,0,0,0,0,0,0,0,0,0,0,0,0,0,0,0,0,0,0,0,1,0,0,0,0,0,0,0,0,0,0,0,0,0,0,8,0,0,0,0,9,1.20,28,2.00,22.5,60.4,5.13,1607.00,0.8,1.47
2005-04-11,DRY,North River1,1,0,0,0,0,0,0,0,0,0,0,0,0,0,0,0,0,0,0,0,0,0,2,0,0,0,0,0,0,0,0,0,0,0,0,0,0,0,0,0,0,0,2,1.30,30,2.00,22.8,61.7,5.31,1601.00,0.8,1.70
2005-04-12,DRY,North River2,3,0,0,0,0,0,0,0,0,0,0,0,0,0,0,0,0,0,0,0,0,0,0,0,0,0,0,0,0,0,0,0,0,0,0,0,0,0,0,0,0,0,0,1.00,22,1.40,22.4,26.2,2.27,2031.00,1.0,2.19
2005-04-12,DRY,North River2,1,0,0,0,0,0,0,0,0,0,0,0,0,0,0,0,0,0,0,0,0,0,0,0,0,0,0,0,0,0,0,0,0,0,0,0,0,0,0,0,0,0,0,1.23,16,1.48,21.8,24.7,2.12,2077.00,1.1,0.61
2005-04-12,DRY,North River2,2,0,0,0,0,0,0,0,0,0,0,0,0,1,0,0,0,0,0,0,0,0,0,0,0,0,0,0,0,0,0,0,0,0,0,0,0,1,0,0,0,0,2,1.30,20,1.48,22.0,6.0,0.44,2311.00,1.2,0.77
2005-04-12,DRY,North River3,2,0,0,0,0,0,0,0,0,0,0,0,0,0,0,0,0,0,0,0,0,0,0,0,0,0,0,0,0,0,0,0,0,6,0,0,0,0,0,0,0,0,6,1.20,14,1.70,21.3,0.3,0.06,3008.00,1.6,5.31
2005-04-12,DRY,North River3,1,0,0,0,0,0,0,0,0,0,0,0,0,1,0,0,0,0,0,0,0,0,0,0,0,0,0,0,0,0,0,0,0,0,0,0,0,0,0,0,0,0,1,1.20,12,1.75,21.6,0.4,0.05,3037.00,1.6,5.49
2005-04-12,DRY,North River3,3,0,0,0,0,0,0,0,0,0,0,0,0,2,0,0,0,0,0,0,0,0,0,0,0,0,0,0,0,0,0,0,0,0,0,0,0,0,0,0,0,0,2,1.20,12,1.75,21.6,0.4,0.05,3037.00,1.6,5.49
2005-04-12,DRY,Watson River4,1,0,0,0,0,0,0,0,0,0,0,0,0,0,0,0,0,0,0,0,0,0,0,0,0,0,0,0,0,0,0,0,0,0,0,0,0,0,0,0,0,0,0,1.15,25,1.45,22.1,14.9,1.38,2787.00,1.5,1.95
2005-04-12,DRY,Watson River4,2,0,0,0,0,0,0,0,0,0,0,0,0,0,0,0,0,0,0,0,0,0,0,0,0,0,0,0,0,0,0,0,0,0,0,0,0,0,0,0,0,0,0,1.20,20,1.20,21.9,21.3,1.86,2470.00,1.3,2.54
2005-04-12,DRY,Watson River4,3,0,0,0,0,0,0,0,0,0,0,0,0,0,0,0,0,0,0,0,0,0,1,0,0,0,0,0,0,0,0,0,0,0,0,0,0,0,0,0,0,0,1,1.28,16,1.15,21.0,19.6,1.70,2449.00,1.3,1.62
2005-04-12,DRY,Watson River5,2,0,0,0,0,0,0,0,0,0,0,0,0,0,0,0,0,0,0,0,0,0,0,0,0,0,0,0,0,0,0,0,0,0,0,0,0,0,0,0,0,0,0,0.80,8,1.25,24.3,55.3,5.18,27780.00,16.4,2.05
2005-04-12,DRY,Watson River5,1,0,0,0,0,0,0,0,0,0,0,0,0,0,0,0,0,0,0,0,0,0,0,0,0,0,0,0,0,0,0,0,0,0,0,0,0,0,0,0,0,0,0,1.05,6,1.35,25.3,69.9,5.31,28470.00,17.5,1.47
2005-04-12,DRY,Watson River5,3,0,0,0,0,0,0,0,0,0,0,0,0,0,0,0,0,0,0,0,0,0,0,0,0,0,0,0,0,0,0,0,0,0,0,0,0,0,0,0,0,0,0,1.05,13,1.25,24.6,59.2,4.45,27290.00,16.8,5.01
2005-04-12,DRY,Watson River6,2,0,0,0,0,0,0,0,0,0,0,0,0,0,0,0,0,0,0,0,0,0,0,0,0,0,0,0,0,0,0,0,0,0,0,0,0,0,0,0,0,0,0,0.95,11,1.50,25.2,52.6,3.92,26500.00,16.2,1.60
2005-04-12,DRY,Watson River6,3,0,0,0,0,0,0,0,0,0,0,0,0,0,0,0,0,0,0,0,0,0,1,0,0,0,0,0,0,0,0,0,0,0,0,0,0,0,0,0,0,0,1,1.15,12,1.56,25.0,38.9,2.96,24870.00,15.0,1.19
2005-04-12,DRY,Watson River6,1,0,0,0,0,0,0,0,0,0,0,0,0,0,0,0,0,0,0,0,0,0,0,0,0,0,0,0,0,0,0,0,0,0,0,0,0,1,0,0,0,0,1,1.20,8,1.68,25.5,48.1,3.79,26500.00,16.2,1.59
2005-04-27,DRY,Rookery Branch7,3,6,0,0,0,0,0,0,0,0,0,0,0,0,0,0,0,0,0,0,0,0,0,0,0,0,0,0,0,0,0,0,0,0,0,0,0,0,0,0,0,0,6,-9999.00,11,1.49,28.2,-9999.0,3.70,-9999.00,0.3,-9999.00
2005-04-27,DRY,Rookery Branch7,1,12,0,0,0,0,0,0,0,0,0,0,0,0,0,0,0,0,0,0,0,0,0,0,0,0,0,0,0,0,0,0,0,0,0,0,0,0,0,0,0,0,12,-9999.00,15,1.70,27.9,-9999.0,3.76,-9999.00,0.4,-9999.00
2005-04-27,DRY,Rookery Branch7,2,5,0,0,0,0,0,0,0,0,0,0,0,0,0,0,0,0,0,0,0,0,0,0,0,0,0,0,0,0,0,0,0,0,0,0,0,0,0,0,0,0,5,-9999.00,15,1.40,28.0,-9999.0,4.16,-9999.00,0.4,-9999.00
2005-04-27,DRY,Rookery Branch8,3,19,0,0,2,0,0,0,0,0,0,0,0,1,0,0,0,0,0,0,0,0,0,0,0,3,0,0,0,0,0,0,0,1,0,1,0,0,0,0,0,0,27,-9999.00,8,2.00,26.3,-9999.0,2.60,-9999.00,0.3,-9999.00
2005-04-27,DRY,Rookery Branch8,1,18,0,0,1,0,0,0,0,0,1,0,0,0,0,0,1,0,0,0,0,2,0,0,0,1,0,0,0,0,0,0,0,0,0,0,0,0,0,0,0,0,24,-9999.00,8,1.90,26.3,-9999.0,2.32,-9999.00,0.4,-9999.00
2005-04-27,DRY,Rookery Branch8,2,27,0,0,0,0,0,0,0,0,1,0,0,0,0,0,0,0,0,0,0,2,0,0,0,2,0,0,0,0,0,0,0,0,0,0,0,0,0,0,0,0,32,-9999.00,10,1.65,26.0,-9999.0,2.61,-9999.00,0.4,-9999.00
2005-04-27,DRY,Rookery Branch9,2,20,0,0,0,0,0,0,0,0,0,0,0,1,0,0,0,0,0,0,0,1,0,0,0,2,0,0,0,0,0,0,0,2,0,0,0,0,0,0,0,0,26,-9999.00,7,1.50,26.0,-9999.0,2.07,-9999.00,0.5,-9999.00
2005-04-27,DRY,Rookery Branch9,3,8,0,0,1,0,0,0,0,0,3,0,0,1,0,0,0,0,0,0,0,1,0,0,0,1,0,0,0,0,0,0,0,0,0,0,0,0,0,0,0,0,15,-9999.00,10,1.50,26.4,-9999.0,2.30,-9999.00,0.5,-9999.00
2005-04-27,DRY,Rookery Branch9,1,8,0,0,1,0,0,0,0,0,0,0,0,0,0,0,0,0,0,0,0,1,0,0,0,0,0,0,0,0,0,0,0,0,0,0,1,0,0,0,0,0,11,-9999.00,14,1.78,25.8,-9999.0,2.73,-9999.00,0.6,-9999.00
2005-12-12,WET,Rookery Branch7,1,8,0,0,0,0,0,2,0,0,0,0,0,0,0,0,0,0,0,0,0,0,0,0,0,0,0,0,0,0,0,0,0,0,0,0,0,0,0,0,0,0,10,1.31,6,1.31,27.0,89.5,7.79,0.92,0.4,-9999.00
2005-12-12,WET,Rookery Branch7,3,5,0,0,0,0,0,0,0,0,0,0,0,0,0,0,0,0,0,0,0,3,0,0,0,1,0,0,0,0,0,0,0,0,0,0,0,0,0,0,0,0,9,1.51,14,1.51,19.3,40.5,3.73,1.94,1.0,-9999.00
2005-12-12,WET,Rookery Branch7,2,4,0,0,0,0,0,0,0,0,0,0,0,1,0,0,0,0,0,0,0,0,0,0,0,0,0,0,0,0,0,0,0,0,0,0,0,0,0,0,0,0,5,1.71,6,1.71,19.6,40.3,3.68,2.02,1.0,-9999.00
2005-12-13,WET,Rookery Branch10,3,1,0,0,1,0,0,0,0,0,0,0,0,0,0,0,0,0,0,0,0,0,0,0,0,0,0,0,0,0,0,0,0,0,0,0,0,0,0,0,0,0,2,1.13,16,1.13,20.1,33.1,2.96,4.44,2.4,-9999.00
2005-12-13,WET,Rookery Branch10,1,2,0,0,1,0,0,0,0,0,0,0,0,0,0,1,0,0,0,0,0,0,0,0,0,1,0,0,0,0,0,0,0,0,0,0,0,0,0,0,0,0,5,1.25,9,1.25,19.5,47.2,4.29,4.63,2.5,-9999.00
2005-12-13,WET,Rookery Branch10,2,0,0,0,1,0,0,0,0,0,0,0,0,0,0,0,0,0,0,0,0,0,0,0,0,0,0,0,0,0,0,0,0,0,0,0,0,0,0,0,0,0,1,1.40,12,1.40,20.5,27.9,2.53,4.59,2.5,-9999.00
2005-12-13,WET,Rookery Branch11,1,0,0,0,0,0,0,0,0,0,0,0,0,0,0,0,0,0,0,0,0,0,0,0,0,0,0,0,0,0,0,0,0,0,0,4,0,0,0,0,0,0,4,0.99,10,0.99,20.6,28.9,2.60,5.23,2.5,-9999.00
2005-12-13,WET,Rookery Branch11,2,1,0,0,0,0,0,0,0,0,0,0,0,0,0,0,0,0,0,0,0,0,0,0,0,0,0,0,0,0,0,1,0,0,0,0,0,0,0,0,0,0,2,1.11,18,1.11,21.6,51.0,4.57,3.43,1.8,-9999.00
2005-12-13,WET,Rookery Branch11,3,3,0,0,0,0,0,0,0,0,0,0,0,3,0,0,0,0,0,0,0,0,0,0,0,0,0,0,0,0,0,0,0,0,0,0,0,0,0,0,0,0,6,1.33,15,1.33,21.5,51.8,4.56,3.59,1.9,-9999.00
2005-12-13,WET,Rookery Branch12,3,9,0,0,0,0,0,0,0,0,0,0,0,0,0,0,0,0,0,0,0,0,0,0,0,0,0,0,0,0,0,0,0,0,0,0,0,0,0,0,0,0,9,1.38,9,1.78,21.4,29.0,2.55,0.80,0.4,-9999.00
2005-12-13,WET,Rookery Branch12,1,1,0,0,1,0,0,0,0,0,0,0,0,0,0,0,0,0,0,0,0,0,0,0,0,0,0,0,0,0,0,0,0,0,0,0,0,0,0,0,0,0,2,1.42,8,1.42,21.7,48.7,4.40,3.58,1.9,-9999.00
2005-12-13,WET,Rookery Branch12,2,14,0,0,0,0,0,2,0,0,0,5,0,1,0,3,0,0,0,0,0,3,0,0,0,3,0,0,0,0,0,0,0,1,0,0,0,0,0,0,0,0,32,1.56,12,1.56,21.7,24.7,2.13,0.97,0.5,-9999.00
2005-12-13,WET,Rookery Branch9,1,0,0,0,0,0,0,0,0,0,0,0,0,0,0,0,0,0,0,0,0,0,0,0,0,0,0,0,0,0,0,0,0,0,0,0,0,0,0,0,0,0,0,1.28,10,1.28,21.1,31.9,2.89,3.40,1.7,-9999.00
2005-12-13,WET,Rookery Branch9,3,3,0,0,5,0,0,0,0,0,0,0,0,2,0,0,0,0,0,0,0,0,0,0,0,0,0,0,0,0,0,0,0,2,0,0,0,0,0,0,0,0,12,1.35,7,1.35,19.4,43.6,4.13,4.79,2.6,-9999.00
2005-12-13,WET,Rookery Branch9,2,4,0,0,6,0,0,0,0,0,0,0,0,3,0,0,0,0,0,0,0,0,0,0,0,0,0,0,0,0,0,0,0,19,0,0,0,0,0,0,0,0,32,1.45,25,1.45,19.8,50.1,4.50,4.76,2.6,-9999.00
2005-12-14,WET,North River1,2,0,0,0,1,0,0,0,0,0,0,0,0,2,0,0,0,0,0,0,1,0,0,0,0,0,0,0,0,0,0,0,0,3,0,0,0,0,0,0,0,0,7,1.52,16,1.52,21.4,45.0,3.99,3.61,1.9,-9999.00
2005-12-14,WET,North River1,3,1,0,0,1,0,0,0,0,0,0,0,0,28,0,0,0,0,0,0,0,0,0,0,0,0,0,0,0,0,1,0,0,0,0,0,0,0,0,2,0,0,33,1.58,16,1.58,21.3,35.0,3.13,3.58,1.9,-9999.00
2005-12-14,WET,North River1,1,0,0,0,0,0,0,0,0,0,0,0,0,8,0,10,0,0,0,0,0,0,0,0,0,0,0,0,0,0,1,0,0,0,0,0,0,0,0,0,0,0,19,1.78,9,1.78,19.2,42.7,3.86,1.76,0.9,-9999.00
2005-12-14,WET,Rookery Branch8,3,1,0,0,6,0,0,0,0,0,0,0,0,0,0,4,0,0,0,0,0,0,0,0,0,0,0,0,0,0,0,0,0,0,0,0,0,0,0,0,0,0,11,1.07,-9999,1.07,22.5,42.2,3.88,489.70,0.2,0.32
2005-12-14,WET,Rookery Branch8,2,2,0,0,1,0,0,0,0,0,0,0,0,0,0,3,1,0,0,0,0,2,0,0,0,1,0,0,0,0,0,0,0,0,0,0,0,0,0,0,0,0,10,1.17,16,1.17,22.4,44.1,3.60,559.00,0.3,0.77
2005-12-14,WET,Rookery Branch8,1,3,0,0,1,0,0,0,0,0,0,0,0,0,0,2,0,0,0,0,0,0,0,0,0,0,0,0,0,0,0,0,0,0,0,0,0,0,0,0,0,0,6,1.36,18,1.36,23.7,45.9,4.24,566.00,0.3,0.47
2005-12-15,WET,North River2,1,1,0,0,0,0,0,0,0,0,0,0,0,2,0,0,0,0,0,0,0,0,0,0,0,0,0,0,0,0,0,0,0,0,0,0,0,0,0,0,0,0,3,1.21,7,1.21,23.3,16.7,1.55,1287.00,0.6,0.43
2005-12-15,WET,North River2,3,0,0,0,0,0,0,0,0,0,0,0,0,12,0,0,0,0,0,0,0,0,0,0,0,0,0,0,0,0,0,0,0,0,0,0,0,0,0,0,0,0,12,1.48,12,1.48,23.0,22.0,1.95,1083.00,0.5,0.16
2005-12-15,WET,North River2,2,5,0,0,0,0,0,0,0,0,0,0,0,0,0,0,0,0,0,0,0,0,0,0,0,0,0,0,0,0,0,0,0,0,0,0,0,0,0,0,0,0,5,1.68,12,1.68,22.8,22.6,1.94,1149.00,0.6,0.43
2005-12-15,WET,North River3,3,1,0,0,0,0,0,0,0,0,0,0,0,19,0,0,0,0,0,0,0,0,0,0,0,0,0,0,0,0,4,0,0,0,0,0,0,1,0,0,0,0,25,1.38,26,1.38,21.4,38.9,3.41,655.00,0.3,0.22
2005-12-15,WET,North River3,1,0,0,0,0,0,0,0,0,0,0,0,0,4,0,0,0,0,0,0,0,0,0,0,0,0,0,0,0,0,2,0,0,0,0,0,0,8,0,0,0,0,14,1.50,30,1.50,21.4,40.5,3.56,694.00,0.3,0.99
2005-12-15,WET,North River3,2,0,0,0,0,0,0,0,0,0,0,0,0,0,0,0,0,0,0,0,0,0,0,0,0,0,0,0,0,0,0,0,0,0,0,0,0,0,0,0,0,0,0,1.80,30,1.80,21.3,37.2,3.34,690.00,0.3,0.40
2005-12-15,WET,Watson River4,2,0,0,0,0,0,0,0,0,0,0,0,0,0,0,1,0,0,0,0,0,0,0,0,0,0,0,0,0,0,0,0,0,0,0,0,0,0,0,0,0,0,1,0.93,30,1.92,23.0,11.3,0.95,1492.00,0.7,0.59
2005-12-15,WET,Watson River4,1,0,0,0,0,0,0,0,0,0,0,0,0,0,0,0,0,0,0,0,0,0,0,0,0,0,0,0,0,0,0,0,0,0,0,0,0,0,0,0,0,0,0,1.05,18,1.60,23.1,23.2,2.19,1302.00,0.6,0.66
2005-12-15,WET,Watson River4,3,0,0,0,1,0,0,0,0,0,0,0,0,0,0,0,0,0,0,0,0,1,0,0,0,0,0,0,0,0,0,0,0,0,0,0,0,0,0,0,0,0,2,1.40,25,1.80,23.0,11.4,0.96,1566.00,0.8,0.13
2005-12-15,WET,Watson River5,1,0,0,0,0,0,0,0,0,0,0,0,0,0,0,0,0,0,0,0,0,0,0,0,0,0,0,0,0,0,0,0,0,0,0,0,0,0,0,0,0,0,0,1.70,12,1.70,22.5,11.8,0.99,1722.00,0.9,0.10
2005-12-15,WET,Watson River5,3,0,0,0,0,0,0,0,0,0,0,0,0,0,0,0,0,0,0,0,0,0,0,0,0,0,0,0,0,0,0,0,0,0,0,0,0,6,0,0,0,0,6,1.73,1,1.73,22.5,9.2,0.79,1917.00,1.0,0.29
2005-12-15,WET,Watson River5,2,0,0,0,0,0,0,0,0,0,0,0,0,0,0,0,0,0,0,0,0,0,0,0,0,0,0,0,0,0,0,0,0,0,0,0,0,0,0,0,0,0,0,1.90,15,1.90,22.5,10.5,0.89,1813.00,0.9,0.13
2005-12-15,WET,Watson River6,3,0,0,0,0,0,0,0,0,0,0,0,0,0,0,0,0,0,0,0,0,0,1,0,0,0,0,0,0,0,0,0,0,0,0,3,0,0,0,0,0,0,4,1.17,12,1.17,23.5,21.2,1.92,1587.00,0.8,0.53
2005-12-15,WET,Watson River6,2,0,0,0,0,0,0,0,0,0,0,0,0,0,0,1,0,0,0,0,0,0,0,0,0,0,0,0,0,0,0,0,0,0,0,0,0,0,0,0,0,0,1,1.48,20,1.48,24.4,23.0,1.90,2147.00,1.1,0.18
2005-12-15,WET,Watson River6,1,0,0,0,0,0,0,0,0,0,0,0,0,0,0,0,0,0,0,0,0,0,0,0,0,0,0,0,0,0,0,0,0,0,0,0,0,0,0,0,0,0,0,1.71,24,1.71,24.6,19.1,1.40,2579.00,1.3,0.01
2006-01-30,TRANS,Rookery Branch14,2,1,0,0,3,0,1,0,0,1,3,7,0,0,0,1,1,0,0,0,0,0,0,0,0,0,0,0,0,0,0,0,0,2,0,1,0,3,0,0,0,0,24,1.11,8,1.11,21.5,-9999.0,2.76,-9999.00,7.8,-9999.00
2006-01-30,TRANS,Rookery Branch14,1,1,0,0,2,0,0,1,0,0,2,1,0,1,0,1,0,0,0,0,0,0,0,0,0,0,0,0,0,0,0,0,0,0,0,2,0,0,0,0,0,0,11,1.15,16,1.45,24.5,-9999.0,5.15,-9999.00,3.1,-9999.00
2006-01-30,TRANS,Rookery Branch14,3,0,0,0,5,0,0,0,1,0,2,2,0,1,0,0,0,2,0,0,1,0,0,0,0,0,0,0,0,0,0,0,0,0,0,7,0,0,0,0,0,0,21,1.61,12,1.61,21.8,-9999.0,2.47,-9999.00,7.5,-9999.00
2006-01-30,TRANS,Rookery Branch15,2,0,0,0,1,0,0,0,0,0,0,1,0,0,0,0,2,0,0,0,0,0,0,0,0,1,0,0,0,0,0,0,0,0,0,0,0,0,0,0,0,0,5,1.32,6,1.32,21.9,85.1,7.46,0.97,0.5,-9999.00
2006-01-30,TRANS,Rookery Branch15,3,0,0,0,1,0,0,0,0,0,0,2,0,0,0,0,0,0,0,0,5,0,0,0,0,9,0,0,0,0,0,0,0,0,0,0,0,0,0,0,0,0,17,1.40,6,1.40,21.8,88.2,7.66,0.92,0.5,-9999.00
2006-01-30,TRANS,Rookery Branch15,1,0,0,0,1,0,0,0,0,0,0,1,0,1,0,0,0,0,0,0,0,0,0,0,0,0,1,0,0,0,0,0,0,0,0,0,0,0,0,0,0,0,4,1.72,12,1.72,21.7,-9999.0,2.25,-9999.00,7.3,-9999.00
2006-01-30,TRANS,Rookery Branch7,3,4,0,0,1,0,0,0,0,0,1,1,0,1,0,0,2,0,0,0,0,1,0,0,0,0,0,0,0,0,0,0,0,0,0,0,0,0,0,0,0,0,11,0.93,15,0.93,26.2,-9999.0,2.75,-9999.00,14.2,-9999.00
2006-01-30,TRANS,Rookery Branch7,2,4,0,0,0,0,0,0,0,0,0,2,0,1,0,0,0,0,0,0,0,0,0,0,0,0,0,0,0,0,0,0,0,0,0,0,0,0,0,0,0,0,7,1.05,10,1.52,25.6,-9999.0,2.80,-9999.00,14.8,-9999.00
2006-01-30,TRANS,Rookery Branch7,1,5,0,0,1,0,0,0,0,0,0,2,0,1,0,0,0,0,0,0,0,2,0,0,0,4,0,0,0,0,0,0,0,0,0,0,0,0,0,0,0,0,15,1.30,12,1.42,26.0,-9999.0,2.60,-9999.00,14.3,-9999.00
2006-01-31,TRANS,Rookery Branch11,3,5,0,0,3,0,0,0,0,0,1,2,0,13,0,1,0,0,0,0,0,0,0,0,0,0,0,0,0,0,1,0,0,3,0,0,0,0,0,0,0,0,29,0.85,10,1.14,23.9,-9999.0,2.87,-9999.00,2.5,-9999.00
2006-01-31,TRANS,Rookery Branch11,1,3,0,0,1,0,0,0,0,2,0,0,0,0,0,0,0,0,0,0,0,1,0,0,0,0,0,0,0,0,0,0,0,0,0,3,0,0,0,0,0,0,10,0.88,8,1.01,24.9,-9999.0,5.42,-9999.00,3.4,-9999.00
2006-01-31,TRANS,Rookery Branch11,2,1,0,0,2,0,4,0,0,0,0,1,0,0,0,0,0,0,0,0,0,1,0,0,0,0,0,0,0,1,0,0,0,0,0,0,4,0,0,0,0,0,14,1.00,6,1.10,23.8,-9999.0,3.22,-9999.00,2.5,-9999.00
2006-01-31,TRANS,Rookery Branch12,1,11,0,0,0,0,0,0,1,0,1,2,0,0,0,0,0,0,0,0,0,0,0,0,0,0,0,0,0,0,1,0,0,0,0,0,0,0,0,0,0,0,16,0.95,-9999,0.95,23.8,-9999.0,2.89,-9999.00,2.3,-9999.00
2006-01-31,TRANS,Rookery Branch12,2,2,0,0,0,0,2,1,0,0,0,1,0,6,0,0,0,0,0,0,1,0,0,0,0,1,0,0,0,0,2,0,1,0,0,0,0,0,0,0,0,0,17,0.97,5,1.42,23.3,-9999.0,4.05,-9999.00,2.4,-9999.00
2006-01-31,TRANS,Rookery Branch12,3,12,0,0,0,0,0,0,0,0,0,6,0,7,0,0,0,0,0,0,2,0,0,0,0,0,0,0,0,0,1,0,0,0,0,0,0,1,0,0,0,0,29,1.13,9,1.13,23.3,-9999.0,4.33,-9999.00,2.2,-9999.00
2006-01-31,TRANS,Rookery Branch13,2,0,0,0,9,0,2,0,0,1,5,3,0,4,0,1,0,0,0,0,0,0,0,0,0,0,0,0,0,0,0,0,0,0,0,0,0,0,0,0,0,0,25,1.00,16,1.38,24.1,-9999.0,4.80,-9999.00,3.0,-9999.00
2006-01-31,TRANS,Rookery Branch13,1,1,0,0,21,0,1,0,0,1,2,1,0,1,0,0,0,0,0,0,0,0,0,0,0,3,0,0,0,0,0,0,0,0,0,1,0,0,0,0,0,0,32,1.12,8,1.12,24.1,-9999.0,4.70,-9999.00,1.9,-9999.00
2006-01-31,TRANS,Rookery Branch8,3,3,0,0,1,0,7,0,0,1,1,0,0,0,0,4,0,1,0,0,0,0,0,0,0,1,0,0,0,0,0,0,0,0,0,3,0,0,0,0,0,0,22,0.80,12,0.80,26.8,-9999.0,3.22,-9999.00,13.6,-9999.00
2006-01-31,TRANS,Rookery Branch8,1,3,0,0,2,0,1,1,0,0,0,2,0,1,0,0,0,0,0,0,0,0,0,0,0,1,0,0,0,0,0,0,0,0,0,0,0,0,0,0,0,0,11,1.30,10,1.30,26.1,-9999.0,2.80,-9999.00,14.2,-9999.00
2006-01-31,TRANS,Rookery Branch8,2,1,0,0,0,0,1,0,0,0,0,5,0,0,0,0,0,0,0,0,0,0,0,0,0,0,0,0,0,0,0,0,0,0,0,0,0,0,0,0,0,0,7,1.49,8,1.49,26.8,-9999.0,3.09,-9999.00,13.8,-9999.00
2006-02-01,TRANS,Rookery Branch10,2,4,0,0,0,0,4,0,0,4,0,1,0,0,0,0,0,0,0,0,0,0,0,0,0,0,0,0,0,0,0,0,0,0,0,3,0,0,0,0,0,0,16,0.90,20,1.46,25.1,-9999.0,5.15,-9999.00,3.5,-9999.00
2006-02-01,TRANS,Rookery Branch10,1,4,0,0,2,0,1,0,0,0,0,2,0,2,0,1,0,0,0,0,0,0,0,0,0,0,0,0,0,0,0,0,0,0,0,1,0,0,0,0,0,0,13,1.04,10,1.45,24.6,-9999.0,1.46,-9999.00,8.1,-9999.00
2006-02-01,TRANS,Rookery Branch10,3,0,0,0,1,0,5,0,0,1,0,3,0,0,0,0,0,0,0,0,1,0,0,0,0,1,0,0,0,0,0,0,0,0,0,0,0,0,0,0,0,0,12,1.20,16,1.20,25.1,-9999.0,5.30,-9999.00,3.3,-9999.00
2006-02-01,TRANS,Rookery Branch13,3,3,0,0,7,0,1,0,0,0,3,4,0,4,0,1,0,0,0,0,3,0,0,0,0,0,0,0,0,0,0,0,0,0,0,0,0,0,0,0,0,0,26,1.10,9,1.10,24.4,-9999.0,5.05,-9999.00,2.6,-9999.00
2006-02-01,TRANS,Rookery Branch9,2,7,0,0,10,0,0,0,0,0,0,1,0,2,0,0,0,0,0,0,0,1,0,0,0,0,0,0,0,0,0,0,0,0,0,0,0,0,0,0,0,0,21,0.93,112,1.50,24.8,-9999.0,2.04,-9999.00,9.3,-9999.00
2006-02-01,TRANS,Rookery Branch9,3,10,0,0,2,0,0,0,0,0,0,1,0,0,0,0,0,0,0,0,0,0,0,0,0,0,0,0,0,0,0,0,0,0,0,0,0,0,0,0,0,0,13,1.08,6,1.40,24.5,-9999.0,1.67,-9999.00,9.0,-9999.00
2006-02-01,TRANS,Rookery Branch9,1,4,0,0,0,0,2,0,0,0,0,1,0,1,0,0,0,0,0,0,0,0,0,0,0,0,0,0,0,0,0,0,0,0,0,0,0,0,0,0,0,0,8,1.30,12,1.30,27.2,-9999.0,3.17,-9999.00,12.8,-9999.00
2006-02-14,TRANS,North River1,3,1,0,0,1,0,0,0,0,0,3,1,0,0,0,0,0,0,0,0,1,0,0,0,0,6,0,0,0,0,7,0,0,0,0,0,0,0,0,0,0,0,20,1.30,9,2.15,21.7,27.5,2.81,5490.00,3.0,0.58
2006-02-14,TRANS,North River1,2,0,0,0,0,0,0,2,0,0,1,4,0,0,0,2,0,0,0,0,0,0,0,0,0,2,0,0,0,0,0,0,0,0,0,0,0,0,0,0,0,0,11,1.60,15,1.50,22.5,46.1,4.09,4850.00,2.6,0.18
2006-02-14,TRANS,North River1,1,1,0,0,0,0,0,0,0,0,1,1,0,0,0,0,0,1,0,0,0,1,0,0,0,2,0,0,0,0,2,0,0,0,0,0,0,0,0,0,0,0,9,1.70,18,1.70,21.7,28.3,2.51,3372.00,1.7,0.01
2006-02-14,TRANS,North River2,2,0,0,0,0,0,0,0,0,0,0,0,0,1,0,0,0,0,0,0,0,0,0,0,0,0,0,0,0,0,0,0,0,0,0,0,0,0,0,0,0,0,1,1.02,13,1.02,20.2,31.0,2.70,1048.00,0.7,0.00
2006-02-14,TRANS,North River2,3,0,0,0,0,0,0,0,0,0,0,0,0,7,0,0,0,0,0,0,0,0,0,0,0,0,0,0,0,0,1,0,0,0,0,0,0,0,0,0,0,0,8,1.13,8,1.13,20.3,34.8,3.12,864.00,0.4,0.46
2006-02-14,TRANS,North River2,1,0,0,0,0,0,0,0,0,0,0,0,0,0,0,0,0,0,0,0,0,0,0,0,0,0,0,0,0,0,0,0,0,0,0,0,0,0,0,0,0,0,0,1.15,24,1.15,20.1,27.2,2.23,1144.00,0.6,0.00
2006-02-14,TRANS,North River3,1,0,0,0,0,0,0,0,0,0,0,0,0,4,0,0,0,0,0,0,0,0,0,0,0,0,0,0,0,0,0,0,0,0,0,0,0,0,0,0,0,0,4,1.02,30,1.02,20.8,43.4,3.82,603.00,0.3,0.30
2006-02-14,TRANS,North River3,3,0,0,0,0,0,0,0,0,0,0,0,0,11,0,0,0,0,0,0,0,0,0,0,0,0,0,0,0,0,2,0,0,0,0,0,0,27,0,0,0,0,40,1.13,30,1.13,20.9,44.8,4.04,590.00,0.3,0.15
2006-02-14,TRANS,North River3,2,1,0,0,0,0,0,0,0,0,0,0,0,25,0,0,0,0,0,0,0,0,0,0,0,0,0,0,0,0,0,0,0,0,0,0,0,0,0,0,0,0,26,1.42,30,1.42,20.9,41.6,3.87,593.00,0.3,0.42
2006-02-15,TRANS,Roberts River4,3,0,0,0,0,0,0,0,0,0,0,0,0,0,0,0,0,0,0,0,0,0,0,0,0,0,0,0,0,0,0,0,0,0,0,0,0,0,0,0,0,0,0,1.06,6,1.06,22.7,42.3,3.68,563.00,0.3,0.53
2006-02-15,TRANS,Roberts River4,1,1,0,0,0,0,0,0,0,0,0,0,0,0,0,0,0,0,0,0,0,0,0,0,0,0,0,0,0,0,0,0,0,0,0,0,0,0,0,0,0,0,1,1.08,6,1.08,23.3,45.2,3.87,611.00,0.3,0.17
2006-02-15,TRANS,Roberts River4,2,0,0,0,0,0,0,0,0,0,0,0,0,0,0,0,0,0,0,0,0,0,0,0,0,0,0,0,0,0,0,0,0,0,0,0,0,0,0,0,0,0,0,1.10,8,1.10,22.6,42.0,3.71,589.00,0.3,1.03
2006-02-15,TRANS,Roberts River5,3,4,0,0,0,0,0,0,0,0,0,0,0,3,0,0,0,0,0,0,0,0,0,0,0,1,0,0,0,0,0,0,0,0,0,0,0,1,0,0,0,0,9,0.75,8,0.75,23.1,40.7,3.54,608.00,0.3,0.46
2006-02-15,TRANS,Roberts River5,2,0,0,0,0,0,0,0,0,0,0,0,0,11,0,0,0,0,0,0,0,0,0,0,0,0,0,0,0,0,0,0,0,0,0,0,0,1,0,0,0,0,12,1.10,16,1.10,22.7,39.4,3.55,618.00,0.3,0.62
2006-02-15,TRANS,Roberts River5,1,1,0,0,0,0,0,0,0,0,0,0,0,2,0,0,0,0,0,0,0,0,0,0,0,0,0,0,0,0,0,0,0,2,0,0,0,11,0,0,0,0,16,1.49,8,1.49,23.0,37.1,3.21,613.00,0.3,0.24
2006-04-11,DRY,North River1,3,1,0,0,0,0,0,0,0,0,0,0,0,4,0,1,0,0,0,0,0,0,0,0,0,0,0,0,0,0,2,0,0,0,0,0,0,7,0,0,0,0,15,1.40,15,1.72,27.8,42.2,3.26,4627.00,2.4,0.83
2006-04-11,DRY,North River1,2,0,0,0,0,0,0,0,0,0,0,0,0,0,0,0,0,0,0,0,0,0,0,0,0,0,0,0,0,0,0,0,0,0,0,0,0,8,0,0,0,0,8,1.55,20,1.65,28.4,44.8,3.47,4732.00,2.5,1.13
2006-04-11,DRY,North River1,1,0,0,0,0,0,0,0,0,0,0,0,0,2,0,0,0,0,1,0,0,0,0,0,0,0,0,0,0,0,0,0,0,0,0,0,0,3,0,0,0,0,6,1.60,24,1.80,27.4,35.0,2.70,4502.00,2.5,0.79
2006-04-11,DRY,North River2,1,0,0,0,0,0,0,0,0,0,0,0,0,1,0,0,0,0,0,0,0,0,0,0,0,0,0,0,0,0,0,0,0,0,0,0,0,6,0,0,0,0,7,1.24,5,1.24,21.7,59.7,5.43,1564.00,0.8,0.56
2006-04-11,DRY,North River2,3,1,0,0,0,0,0,0,0,0,0,0,0,0,0,0,0,0,0,0,0,0,0,0,0,0,0,0,0,0,0,0,0,1,0,0,0,1,0,0,0,0,3,1.27,9,1.27,22.9,76.5,6.78,1359.00,0.7,0.26
2006-04-11,DRY,North River2,2,1,0,0,0,0,0,0,0,0,0,0,0,1,0,0,0,0,0,0,0,0,0,0,0,0,0,0,0,0,2,0,0,0,0,0,0,5,0,0,0,0,9,1.29,5,1.29,22.1,66.0,6.09,1388.00,0.7,0.32
2006-04-11,DRY,North River3,1,0,0,0,0,0,0,0,0,0,0,0,0,4,0,0,0,0,0,0,0,0,0,0,0,0,0,0,0,0,0,0,0,2,0,0,0,15,0,0,0,0,21,1.53,9,1.53,21.8,38.3,3.46,2005.00,1.0,0.10
2006-04-11,DRY,North River3,2,0,0,0,0,0,0,0,0,0,0,0,0,0,0,0,0,0,0,0,0,0,0,0,0,0,0,0,0,0,0,0,0,11,0,0,0,3,0,0,0,0,14,1.61,10,1.61,21.7,38.4,3.32,2045.00,1.0,0.11
2006-04-11,DRY,North River3,3,0,0,0,0,0,0,0,0,0,0,0,0,6,0,0,0,0,0,0,0,0,0,0,0,0,0,0,0,0,2,0,0,1,0,0,0,5,0,0,0,0,14,1.82,10,1.82,21.6,40.1,3.62,1759.00,0.9,0.48
2006-04-11,DRY,Roberts River5,1,0,0,0,0,0,0,0,0,0,0,0,0,1,0,0,0,0,0,0,0,0,0,0,0,0,0,0,0,0,0,0,0,1,0,0,0,13,0,0,0,0,15,1.85,20,1.85,21.1,5.9,0.51,2347.00,1.2,0.31
2006-04-11,DRY,Roberts River5,3,0,0,0,0,0,0,0,0,0,0,0,0,1,0,0,0,0,0,0,0,0,0,0,0,0,0,0,0,0,0,0,0,0,0,0,0,1,0,0,0,0,2,1.90,12,1.90,20.6,2.9,0.24,2253.00,1.2,0.01
2006-04-11,DRY,Roberts River5,2,0,0,0,0,0,0,0,0,0,0,0,0,2,0,0,0,0,0,0,0,0,0,0,0,0,0,0,0,0,0,0,0,2,0,0,0,7,0,0,0,0,11,2.10,15,2.10,20.7,3.2,0.38,2230.00,1.1,0.00
2006-04-12,DRY,Roberts River4,3,0,0,0,0,0,0,0,0,0,0,0,0,0,0,0,0,0,0,0,0,0,0,0,0,0,0,0,0,0,0,0,0,0,0,0,0,0,0,0,0,0,0,1.29,15,1.29,22.7,40.2,3.44,3424.00,1.8,0.09
2006-04-12,DRY,Roberts River4,2,1,0,0,0,0,0,0,0,0,0,0,0,0,0,0,0,0,0,0,0,0,0,0,0,0,0,0,0,0,0,0,0,0,0,0,0,0,0,0,0,0,1,1.30,15,1.30,22.2,38.7,3.31,3373.00,1.8,0.28
2006-04-12,DRY,Roberts River4,1,0,0,0,0,0,0,0,0,0,0,0,0,0,0,0,0,0,0,0,0,0,0,0,0,0,0,0,0,0,0,0,0,1,0,0,0,0,0,0,0,0,1,1.45,25,1.45,22.1,42.0,3.47,3933.00,2.1,0.01
2006-04-24,DRY,Rookery Branch13,1,2,0,0,6,0,0,0,1,3,8,20,0,1,0,0,0,0,0,0,0,0,0,0,0,16,0,0,0,0,1,0,0,1,0,9,0,1,0,0,0,0,69,1.10,5,1.30,26.6,-9999.0,3.25,-9999.00,8.8,-9999.00
2006-04-24,DRY,Rookery Branch13,2,4,0,0,6,1,0,0,1,4,9,14,0,0,0,2,1,0,0,0,1,0,0,0,0,6,0,0,0,0,0,0,0,0,0,3,0,3,0,0,0,0,55,1.27,7,1.27,27.9,-9999.0,3.40,-9999.00,8.1,-9999.00
2006-04-25,DRY,Rookery Branch11,2,41,0,0,3,0,0,0,0,3,0,0,0,2,0,0,1,0,0,0,0,0,0,0,0,0,0,0,0,0,0,0,0,0,0,0,0,2,0,0,0,0,52,0.60,15,1.15,20.9,-9999.0,7.02,-9999.00,0.5,-9999.00
2006-04-25,DRY,Rookery Branch11,1,12,0,0,4,0,0,0,1,6,33,120,0,0,0,1,1,0,0,0,0,1,0,0,0,3,0,0,0,0,0,0,0,0,0,0,0,0,0,0,0,0,182,0.65,15,1.35,21.0,-9999.0,3.64,-9999.00,0.5,-9999.00
2006-04-25,DRY,Rookery Branch11,3,28,0,0,8,0,2,0,0,3,5,11,0,5,0,1,3,0,6,0,1,0,0,0,0,3,0,0,0,0,0,0,0,0,0,0,0,1,0,0,0,0,77,0.99,9,0.99,21.3,-9999.0,3.60,-9999.00,0.4,-9999.00
2006-04-25,DRY,Rookery Branch12,1,9,0,0,0,0,0,0,0,2,3,24,0,1,0,0,1,0,0,0,0,0,0,0,0,23,0,0,0,0,0,0,0,0,0,0,0,0,0,0,0,0,63,1.11,10,1.11,20.0,-9999.0,1.92,-9999.00,1.2,-9999.00
2006-04-25,DRY,Rookery Branch12,3,47,0,0,0,0,0,0,0,0,0,0,0,1,0,0,0,0,0,0,0,0,0,0,0,3,0,0,0,0,0,0,0,0,0,0,0,0,0,0,0,0,51,1.47,12,1.47,20.0,-9999.0,2.59,-9999.00,0.9,-9999.00
2006-04-25,DRY,Rookery Branch12,2,41,0,0,0,0,0,0,0,0,0,0,0,4,0,0,2,0,0,0,0,1,0,0,0,8,0,0,0,0,0,0,0,2,0,0,0,0,0,0,0,0,58,1.60,12,1.60,20.0,-9999.0,2.27,-9999.00,1.1,-9999.00
2006-04-25,DRY,Rookery Branch16,1,1,0,0,0,0,0,0,0,0,0,0,0,0,0,0,0,0,1,0,0,0,0,0,0,0,0,0,0,0,0,0,0,4,0,0,0,4,0,0,0,0,10,1.04,11,1.68,23.4,-9999.0,2.11,-9999.00,8.3,-9999.00
2006-04-25,DRY,Rookery Branch16,3,3,0,0,0,0,0,0,0,2,0,2,0,0,0,1,0,0,0,0,0,0,0,0,0,0,0,0,0,0,0,0,0,4,0,0,0,0,0,0,0,0,12,1.51,10,1.51,26.6,-9999.0,3.24,-9999.00,14.7,-9999.00
2006-04-25,DRY,Rookery Branch16,2,0,0,0,0,0,0,0,0,0,0,0,0,0,0,6,0,0,0,0,0,0,0,0,0,0,0,0,0,0,0,0,0,4,0,1,0,0,0,0,0,0,11,1.53,20,1.53,27.1,-9999.0,3.87,-9999.00,14.9,-9999.00
2006-04-26,DRY,Rookery Branch10,2,32,0,0,3,0,2,0,0,3,0,1,0,7,0,1,2,0,0,0,0,1,0,0,0,1,0,0,0,0,0,0,0,1,0,0,0,4,0,0,0,0,58,0.35,9,1.00,20.9,-9999.0,5.30,-9999.00,0.6,-9999.00
2006-04-26,DRY,Rookery Branch10,1,19,0,0,5,0,0,0,0,3,0,0,0,34,0,3,4,0,0,0,0,2,0,0,0,2,0,0,0,0,0,0,0,4,0,0,0,0,0,0,0,0,76,0.60,4,1.08,20.7,-9999.0,4.60,-9999.00,0.5,-9999.00
2006-04-26,DRY,Rookery Branch10,3,26,0,0,3,0,2,0,0,0,0,0,0,15,0,0,2,0,0,0,0,1,0,0,0,2,0,0,0,0,0,0,0,2,0,0,0,0,0,0,0,0,53,0.65,9,0.90,21.1,-9999.0,5.69,-9999.00,0.6,-9999.00
2006-04-26,DRY,Rookery Branch7,3,11,0,0,0,0,0,0,0,0,0,0,0,0,0,0,2,0,0,0,0,0,0,0,0,0,0,0,0,0,0,0,0,0,0,0,0,0,0,0,0,0,13,1.12,7,1.12,21.0,-9999.0,0.03,-9999.00,1.4,-9999.00
2006-04-26,DRY,Rookery Branch7,1,4,0,0,0,0,0,0,0,0,0,0,0,0,0,0,0,0,0,0,0,0,0,0,0,0,0,0,0,0,0,0,0,0,0,0,0,0,0,0,0,0,4,1.12,10,1.12,21.4,-9999.0,0.18,-9999.00,1.4,-9999.00
2006-04-26,DRY,Rookery Branch7,2,22,0,0,0,0,0,0,0,0,0,0,0,0,0,0,2,0,0,0,0,0,0,0,0,0,0,0,0,0,0,0,0,0,0,0,0,0,0,0,0,0,24,1.13,8,1.13,21.3,-9999.0,0.20,-9999.00,1.3,-9999.00
2006-04-26,DRY,Rookery Branch9,3,52,0,0,4,0,0,0,0,0,2,4,0,27,0,0,3,0,0,0,0,0,0,0,0,6,0,0,0,0,0,0,0,2,0,0,0,1,0,0,0,0,101,0.78,4,0.78,20.8,-9999.0,2.60,-9999.00,0.5,-9999.00
2006-04-26,DRY,Rookery Branch9,2,35,0,0,6,0,0,0,0,1,1,0,0,27,0,0,1,0,2,0,0,0,0,0,0,5,0,0,0,0,4,0,0,3,0,0,0,0,0,0,0,0,85,1.04,8,1.04,20.8,-9999.0,2.95,-9999.00,0.5,-9999.00
2006-04-26,DRY,Rookery Branch9,1,23,0,0,4,0,0,0,0,4,0,0,0,1,0,0,0,0,1,0,0,1,0,0,0,8,0,0,0,0,0,0,0,1,0,0,0,5,0,0,0,0,48,1.21,10,1.21,20.8,-9999.0,3.11,-9999.00,0.5,-9999.00
2006-04-27,DRY,Rookery Branch14,3,2,0,0,3,0,1,0,1,0,0,1,0,1,0,0,0,0,0,0,0,0,0,0,0,1,0,0,0,0,0,0,0,0,0,1,0,1,0,0,0,0,12,1.15,14,1.69,24.0,-9999.0,2.09,-9999.00,3.8,-9999.00
2006-04-27,DRY,Rookery Branch14,1,0,0,0,0,0,0,0,1,1,0,0,0,2,0,0,0,0,0,0,0,0,0,0,0,0,0,0,0,0,0,0,0,0,0,0,0,5,0,0,0,0,9,1.20,8,1.48,28.8,-9999.0,3.72,-9999.00,7.9,-9999.00
2006-04-27,DRY,Rookery Branch14,2,1,0,0,3,0,0,0,0,0,0,1,0,0,0,0,1,0,0,0,0,0,0,0,0,2,0,0,0,0,0,0,0,0,0,0,0,1,0,0,0,0,9,1.40,7,1.79,24.0,-9999.0,1.97,-9999.00,4.5,-9999.00
2006-04-27,DRY,Rookery Branch15,3,2,0,0,0,0,0,0,0,0,0,0,0,0,0,0,0,0,0,0,0,0,0,0,0,0,0,0,0,0,0,0,0,0,0,0,0,4,0,0,0,0,6,0.90,15,1.31,23.5,-9999.0,2.25,-9999.00,9.7,-9999.00
2006-04-27,DRY,Rookery Branch15,2,3,0,0,0,0,0,0,0,0,0,0,0,0,0,0,0,0,0,0,0,0,0,0,0,0,0,0,0,0,0,0,0,0,0,0,0,1,0,0,0,0,4,1.14,13,1.71,23.4,-9999.0,3.17,-9999.00,11.4,-9999.00
2006-04-27,DRY,Rookery Branch15,1,0,0,0,0,0,0,0,0,0,0,0,0,0,0,0,0,0,0,0,0,0,0,0,0,0,0,0,0,0,0,0,0,0,0,0,0,0,0,0,0,0,0,1.79,8,1.79,24.5,-9999.0,2.00,-9999.00,3.0,-9999.00
2006-04-27,DRY,Rookery Branch8,1,10,0,50,18,0,0,1,0,6,30,27,0,4,0,2,0,0,0,0,0,3,0,0,0,16,0,0,0,0,0,0,0,1,0,1,0,0,0,0,0,0,169,0.50,10,1.30,20.7,-9999.0,6.38,-9999.00,0.6,-9999.00
2006-04-27,DRY,Rookery Branch8,2,21,0,18,8,0,0,0,1,7,7,12,0,2,0,0,3,0,0,0,0,2,0,0,0,6,0,0,0,0,0,0,0,0,0,0,0,0,0,0,0,0,87,0.60,6,1.01,20.7,-9999.0,6.71,-9999.00,0.6,-9999.00
2006-04-27,DRY,Rookery Branch8,3,22,0,20,6,0,0,1,1,1,27,51,0,1,0,1,0,0,0,0,0,2,0,0,0,6,0,0,0,0,0,0,0,0,0,1,0,0,0,0,0,0,140,0.90,3,0.90,21.0,-9999.0,6.89,-9999.00,0.6,-9999.00
2006-10-24,WET,North River1,1,0,0,0,0,0,0,0,0,0,0,0,0,5,0,0,0,0,0,0,0,0,0,0,0,0,0,0,0,0,1,0,0,0,0,0,0,0,0,0,0,0,6,0.83,15,1.45,24.0,16.3,1.70,16400.00,9.6,5.06
2006-10-24,WET,North River1,3,0,0,0,2,0,0,0,0,0,0,0,0,3,0,0,0,0,0,0,0,0,0,0,0,1,0,0,0,0,0,0,0,1,0,0,0,0,0,0,0,0,7,1.15,24,1.38,22.9,44.3,3.74,14780.00,8.7,7.09
2006-10-24,WET,North River1,2,2,0,0,0,0,0,0,0,0,0,0,0,3,0,0,0,0,0,0,0,0,0,0,0,1,0,0,0,0,0,0,0,0,0,0,0,0,0,0,0,0,6,1.25,30,1.60,23.3,49.2,4.02,14940.00,8.9,7.42
2006-10-24,WET,North River2,1,0,0,0,0,0,0,0,0,0,0,0,0,0,0,0,0,0,0,0,0,0,0,0,0,0,0,0,0,0,0,0,0,0,0,0,0,0,0,0,0,0,0,1.10,16,1.62,22.8,36.8,3.26,14110.00,8.1,6.24
2006-10-24,WET,North River2,3,0,0,0,0,0,0,0,0,0,0,0,0,2,2,0,0,0,0,0,0,0,0,0,0,0,0,0,0,0,0,0,0,0,0,0,0,0,0,0,0,0,4,1.26,15,1.26,26.2,5.8,0.54,4337.00,2.3,0.00
2006-10-24,WET,North River2,2,0,0,0,0,0,0,0,0,0,0,0,0,0,0,0,0,0,0,0,0,0,0,0,0,0,0,0,0,0,0,0,0,0,0,0,0,0,0,0,0,0,0,1.30,12,1.30,26.2,7.4,0.62,4534.00,2.4,0.15
2006-10-24,WET,North River3,1,0,0,0,0,0,0,0,0,0,0,0,0,2,0,0,0,0,0,0,0,0,0,0,0,0,0,0,0,0,0,0,0,0,0,1,0,0,0,0,0,0,3,1.20,8,1.20,26.1,4.4,0.35,4540.00,2.2,0.00
2006-10-24,WET,North River3,3,0,0,0,0,0,0,0,0,0,0,0,0,1,0,0,0,0,0,1,0,0,0,0,0,0,0,0,0,0,0,0,0,0,0,0,0,0,0,0,0,0,2,1.38,40,1.38,26.5,57.1,4.58,1411.00,0.7,0.54
2006-10-24,WET,North River3,2,4,0,0,0,0,0,0,0,0,0,0,0,2,0,0,0,0,0,0,0,0,0,0,0,0,0,0,0,0,0,0,0,0,0,1,0,0,0,0,0,0,7,1.60,40,2.00,26.3,56.6,4.58,1409.00,0.7,0.32
2006-10-24,WET,Roberts River4,3,0,0,0,1,0,0,0,0,0,0,0,0,0,0,0,0,0,0,0,0,0,0,0,0,0,0,0,0,0,0,0,0,0,0,0,0,0,0,0,0,0,1,1.08,9,1.08,26.2,43.2,3.51,1059.00,0.5,0.40
2006-10-24,WET,Roberts River4,2,0,0,0,0,0,0,0,0,0,0,0,0,0,0,0,0,0,0,0,0,0,0,0,0,0,0,0,0,0,0,0,0,0,0,0,0,0,0,0,0,0,0,1.20,8,1.25,26.2,48.0,3.86,1070.00,0.5,0.47
2006-10-24,WET,Roberts River4,1,0,0,0,0,0,0,0,0,0,0,0,0,0,0,0,0,0,0,0,0,0,0,0,0,0,0,0,0,0,0,0,0,0,0,0,0,0,0,0,0,0,0,1.55,40,1.55,26.6,56.9,4.62,1359.00,0.7,0.28
2006-10-24,WET,Roberts River5,1,0,0,0,0,0,0,0,0,0,0,0,0,2,0,0,0,0,0,0,0,0,0,0,0,0,0,0,0,0,1,0,0,9,0,0,0,2,0,0,0,0,14,1.00,8,1.00,26.2,37.7,3.14,1041.00,0.5,0.33
2006-10-24,WET,Roberts River5,3,3,0,0,0,0,0,0,0,0,0,0,0,0,9,0,0,0,0,0,0,0,0,0,0,0,0,0,0,0,0,0,0,3,0,0,0,0,0,0,0,0,15,1.15,10,1.15,26.6,48.1,3.87,1087.00,0.5,1.07
2006-10-24,WET,Roberts River5,2,0,0,0,0,0,0,0,0,0,0,0,0,1,0,1,0,0,0,0,0,0,0,0,0,0,0,0,0,0,0,0,0,10,0,0,0,3,0,0,1,0,16,1.20,8,1.40,26.5,50.0,4.03,1151.00,0.6,0.34
2006-11-07,WET,Rookery Branch12,2,4,0,0,0,0,2,0,0,0,1,0,0,0,0,0,0,0,0,0,0,0,0,0,0,0,0,0,0,0,0,0,0,0,0,2,0,1,0,0,0,0,10,0.91,35,1.56,27.6,51.4,4.05,1.44,0.7,-9999.00
2006-11-07,WET,Rookery Branch12,3,7,0,0,0,0,1,0,0,3,0,0,0,0,0,0,0,0,0,0,0,0,0,0,0,0,0,0,0,0,0,0,0,2,0,9,0,0,1,0,0,0,23,0.96,38,1.27,27.3,46.1,3.65,1.41,0.7,-9999.00
2006-11-07,WET,Rookery Branch12,1,0,0,0,1,0,0,0,0,0,0,0,0,1,0,0,0,0,0,0,0,0,0,0,0,0,0,0,0,0,0,0,0,0,0,8,0,0,0,0,0,0,10,1.25,10,1.25,26.5,10.3,0.82,1.45,0.7,-9999.00
2006-11-07,WET,Rookery Branch14,1,1,0,0,2,0,0,0,0,1,0,1,0,2,0,0,0,0,0,0,0,0,0,0,0,0,0,0,0,0,0,0,0,0,0,10,0,0,0,0,0,0,17,0.55,7,1.25,27.9,64.0,5.04,1.30,0.7,-9999.00
2006-11-07,WET,Rookery Branch14,2,0,0,0,0,0,0,0,0,0,0,0,0,3,0,0,0,0,1,0,1,0,0,0,0,0,0,0,0,0,0,0,0,0,0,1,0,7,0,0,0,0,13,0.92,10,1.54,26.8,49.3,3.93,1.35,0.7,-9999.00
2006-11-07,WET,Rookery Branch14,3,0,0,0,2,0,0,0,0,0,0,0,0,3,0,0,0,0,1,0,0,0,0,0,0,0,0,0,0,0,0,0,0,18,0,2,0,3,0,0,0,0,29,0.96,16,1.10,27.2,53.1,4.37,1.37,0.7,-9999.00
2006-11-07,WET,Rookery Branch15,1,5,0,0,0,0,0,0,0,0,0,0,0,3,0,0,0,0,0,0,0,0,0,0,0,0,0,0,0,0,0,0,0,1,0,0,0,2,0,0,0,0,11,0.67,14,1.00,27.4,58.9,4.62,1.38,0.7,-9999.00
2006-11-07,WET,Rookery Branch15,2,1,0,0,1,0,0,0,0,0,0,0,0,0,0,0,0,0,0,0,0,0,0,0,0,0,0,0,0,0,0,0,0,0,0,0,0,2,0,0,0,0,4,1.04,23,1.52,28.0,51.7,4.04,1.06,0.5,-9999.00
2006-11-07,WET,Rookery Branch15,3,3,0,0,0,0,0,0,0,0,0,0,0,0,0,0,0,0,0,0,2,1,1,0,0,5,0,2,0,0,0,0,0,0,0,0,0,0,0,0,0,0,14,1.08,18,1.40,28.2,47.9,3.78,0.97,0.5,-9999.00
2006-11-07,WET,Rookery Branch16,2,0,0,0,0,0,1,0,0,0,0,0,0,0,0,1,0,0,0,0,0,0,0,0,0,0,0,0,0,0,0,0,0,0,0,8,0,1,0,0,0,0,11,1.15,9,1.15,25.9,16.3,1.32,1.61,0.8,-9999.00
2006-11-07,WET,Rookery Branch16,1,0,0,0,0,0,0,0,0,0,0,0,0,0,0,0,0,0,0,0,0,0,0,0,0,0,0,0,0,0,0,0,0,0,0,0,0,0,0,0,0,0,0,1.20,8,1.20,29.2,51.8,3.81,0.85,0.4,-9999.00
2006-11-07,WET,Rookery Branch16,3,0,0,0,0,0,0,0,0,0,0,0,0,0,0,0,0,0,0,0,0,0,0,0,0,0,0,0,0,0,0,0,0,0,0,0,0,0,0,0,0,0,0,1.54,18,1.54,25.8,17.4,1.41,1.56,0.8,-9999.00
2006-11-08,WET,Rookery Branch13,1,1,0,0,3,0,0,0,0,0,1,0,0,1,0,0,0,3,0,0,2,0,0,0,0,0,0,0,0,0,0,0,0,0,0,2,0,0,0,0,0,0,13,0.76,35,1.60,27.4,48.8,3.84,1.37,0.7,-9999.00
2006-11-08,WET,Rookery Branch13,2,1,0,0,0,0,4,0,0,0,0,0,0,3,0,1,0,2,0,0,0,0,0,0,0,0,0,0,0,0,0,0,0,0,0,10,0,0,0,0,0,0,21,0.78,8,1.25,27.6,64.4,5.02,1.30,0.6,-9999.00
2006-11-08,WET,Rookery Branch13,3,1,0,0,0,0,3,0,0,1,0,1,0,1,0,1,0,0,0,0,0,0,0,0,0,0,0,0,0,0,0,0,0,1,0,6,0,0,0,0,0,0,15,0.80,7,1.10,27.8,67.8,5.34,1.29,0.6,-9999.00
2006-11-08,WET,Rookery Branch7,1,3,0,0,0,0,0,0,0,0,0,0,0,0,0,0,0,0,0,0,0,0,0,0,0,0,0,0,0,0,0,0,0,0,0,2,0,0,0,0,0,0,5,1.10,7,1.10,29.8,80.7,5.88,11.63,6.6,-9999.00
2006-11-08,WET,Rookery Branch7,3,5,0,0,2,0,0,0,0,0,0,0,0,1,0,0,1,0,0,0,0,0,0,0,0,0,0,0,0,0,0,0,0,0,0,3,0,3,0,0,0,0,15,1.12,10,1.50,23.1,26.1,2.17,9.62,5.4,-9999.00
2006-11-08,WET,Rookery Branch7,2,6,0,0,2,0,0,0,0,0,0,0,0,1,0,0,0,0,0,0,0,0,0,0,0,0,0,0,0,0,0,0,0,0,0,1,0,0,0,0,0,0,10,1.20,7,1.54,23.4,25.6,2.12,9.81,5.6,-9999.00
2006-11-09,WET,Rookery Branch10,3,1,0,0,0,0,4,0,0,0,0,0,0,2,0,0,0,0,0,0,0,0,0,0,0,0,0,0,0,0,0,0,0,0,0,0,0,0,0,0,0,0,7,0.63,18,1.70,26.2,47.2,3.46,26.61,16.3,-9999.00
2006-11-09,WET,Rookery Branch10,2,0,0,0,2,0,6,0,0,0,0,0,0,0,0,0,0,0,0,0,0,0,0,0,0,0,0,0,0,0,0,0,0,0,0,4,0,0,0,0,0,0,12,0.78,11,1.60,26.4,35.6,2.60,21.30,13.9,-9999.00
2006-11-09,WET,Rookery Branch10,1,2,0,0,2,0,4,0,0,0,0,0,0,1,0,0,0,0,1,0,0,0,0,0,0,0,0,0,0,0,0,0,0,0,0,1,0,0,0,0,0,0,11,0.93,13,1.62,23.4,1.0,0.08,11.61,6.6,-9999.00
2006-11-09,WET,Rookery Branch11,1,0,0,0,2,0,2,0,0,1,0,0,0,0,0,0,0,0,0,0,0,0,0,0,0,0,0,0,0,0,0,0,0,0,0,0,0,0,0,0,0,0,5,0.73,9,1.90,26.7,19.0,1.41,28.37,16.7,-9999.00
2006-11-09,WET,Rookery Branch11,3,1,0,0,0,0,0,0,0,1,0,0,0,2,0,0,0,0,0,0,0,0,0,0,0,0,0,0,0,0,0,0,0,0,0,0,0,0,0,0,0,0,4,1.22,7,1.22,26.2,78.0,0.63,1.72,0.9,-9999.00
2006-11-09,WET,Rookery Branch11,2,1,0,0,1,0,2,0,0,0,0,0,0,0,0,0,0,0,0,0,0,0,0,0,0,0,0,0,0,0,0,0,0,0,0,0,0,0,0,0,0,0,4,1.28,18,1.28,26.3,8.4,0.67,1.96,1.0,-9999.00
2006-11-09,WET,Rookery Branch8,3,1,0,0,1,0,2,0,0,0,0,0,0,0,0,1,0,0,0,0,0,0,0,0,0,0,0,0,0,0,0,0,0,0,0,2,0,0,0,0,0,0,7,0.71,10,1.32,25.8,43.9,3.41,17.30,10.2,-9999.00
2006-11-09,WET,Rookery Branch8,2,2,0,0,1,0,1,0,0,0,0,0,0,3,0,0,0,0,0,0,0,0,0,0,0,0,0,0,0,0,0,0,0,0,0,5,0,0,0,0,0,0,12,0.85,16,1.45,26.1,29.3,2.21,17.81,10.5,-9999.00
2006-11-09,WET,Rookery Branch8,1,1,0,0,1,0,2,0,0,1,0,0,0,2,0,0,0,0,0,0,0,0,0,0,0,0,0,0,0,0,0,0,0,0,0,4,0,1,0,0,0,0,12,1.09,12,1.75,23.3,31.0,2.55,8.54,4.7,-9999.00
2006-11-09,WET,Rookery Branch9,2,3,0,0,1,0,4,0,0,0,0,0,0,0,0,0,0,0,0,0,0,0,0,0,0,1,0,0,0,0,0,0,0,0,0,0,0,0,0,0,0,0,9,0.96,25,1.48,23.2,0.8,0.05,12.88,7.4,-9999.00
2006-11-09,WET,Rookery Branch9,1,5,0,0,2,0,1,0,0,0,0,0,0,1,0,0,0,0,0,0,0,0,0,0,0,0,0,0,0,0,0,0,0,0,0,0,0,0,0,0,0,0,9,1.08,12,1.48,25.7,35.2,2.72,16.31,9.6,-9999.00
2006-11-09,WET,Rookery Branch9,3,6,0,0,0,0,4,0,0,2,0,0,0,0,0,0,0,0,0,0,0,0,0,0,0,0,0,0,0,0,0,0,0,0,0,3,0,0,0,0,0,0,15,1.15,7,1.50,23.3,0.7,0.05,12.05,6.9,-9999.00
2007-02-28,TRANS,North River1,1,0,0,0,0,0,0,0,0,0,0,0,0,0,0,0,0,0,0,0,0,0,0,0,0,0,0,0,0,0,0,0,0,0,0,0,0,0,0,0,0,0,0,0.64,10,0.98,24.7,87.7,7.14,3379.00,1.8,2.81
2007-02-28,TRANS,North River1,3,6,0,0,0,0,0,0,0,0,0,0,0,22,0,0,0,0,0,0,0,0,0,0,0,0,0,0,0,0,5,0,0,8,0,1,0,1,0,0,0,0,43,0.80,18,1.00,22.0,63.2,5.45,2569.00,1.3,4.62
2007-02-28,TRANS,North River1,2,0,0,0,0,0,0,0,0,0,0,0,0,0,0,0,0,0,0,0,0,0,0,0,0,0,0,0,0,0,0,0,0,0,0,0,0,2,0,1,0,0,3,0.90,28,0.90,22.3,78.8,6.84,2770.00,1.4,1.98
2007-02-28,TRANS,North River2,3,0,0,0,0,0,0,0,0,0,0,0,0,1,0,0,0,0,0,0,0,0,0,0,0,0,0,0,0,0,0,0,0,0,0,0,0,0,0,0,0,0,1,0.90,13,0.90,22.7,50.6,4.31,9450.00,5.3,3.11
2007-02-28,TRANS,North River2,2,0,0,0,1,0,0,0,0,0,0,0,0,2,0,0,0,0,0,0,0,0,0,0,0,0,0,0,0,0,0,0,0,0,0,0,0,3,0,0,0,0,6,0.90,8,0.90,21.8,40.3,3.46,10100.00,5.3,7.75
2007-02-28,TRANS,North River2,1,1,0,0,0,0,0,0,0,0,0,0,0,3,0,0,0,0,0,0,0,0,0,0,0,0,0,0,0,0,0,0,0,0,0,0,0,8,0,0,0,0,12,0.94,10,0.94,22.0,41.5,3.63,2335.00,1.2,4.36
2007-02-28,TRANS,North River3,1,0,0,0,0,0,0,0,0,0,0,0,0,0,0,0,0,0,0,0,0,0,0,0,0,0,0,0,0,0,1,0,0,0,0,0,0,0,0,0,0,0,1,1.28,13,1.28,22.4,50.0,4.20,9480.00,5.3,4.47
2007-02-28,TRANS,North River3,3,0,0,0,0,0,0,0,0,0,0,0,0,0,0,0,0,0,0,0,0,0,0,0,0,0,0,0,0,0,1,0,0,1,0,0,0,1,0,0,0,0,3,1.45,30,1.45,22.5,75.3,6.48,7080.00,3.9,4.07
2007-02-28,TRANS,North River3,2,6,0,0,0,0,0,0,0,0,0,0,0,2,0,0,0,0,0,0,0,0,0,0,0,0,0,0,0,0,0,0,0,1,0,0,0,6,0,0,0,0,15,2.20,30,2.20,22.7,80.6,6.66,7110.00,3.9,2.24
2007-02-28,TRANS,Roberts River4,2,0,0,0,0,0,0,0,0,0,0,0,0,3,0,0,0,0,0,0,0,0,0,0,0,0,0,0,0,0,0,0,0,0,0,0,0,4,0,0,0,0,7,0.79,18,1.35,24.6,41.5,3.15,12880.00,7.4,5.45
2007-02-28,TRANS,Roberts River4,3,0,0,0,0,0,0,0,0,0,0,0,0,3,0,0,0,0,0,0,0,0,0,0,0,0,0,0,0,0,0,0,0,0,0,0,0,5,0,0,0,0,8,0.82,25,1.39,24.6,44.0,3.75,12510.00,7.2,4.51
2007-02-28,TRANS,Roberts River4,1,0,0,0,0,0,0,0,0,0,0,0,0,3,0,0,0,0,0,0,0,0,0,0,0,0,0,0,0,0,0,0,0,0,0,0,0,0,0,0,0,0,3,1.10,30,1.30,22.2,73.3,6.20,7060.00,3.9,2.09
2007-02-28,TRANS,Roberts River5,2,0,0,0,0,0,0,0,0,0,0,0,0,5,0,0,0,0,0,0,0,0,0,0,0,0,0,0,0,0,0,0,0,0,0,0,0,0,0,0,0,0,5,0.65,6,1.49,23.8,17.6,1.40,18920.00,11.2,5.47
2007-02-28,TRANS,Roberts River5,3,5,0,0,0,0,0,0,0,0,0,0,0,0,0,0,0,0,0,0,0,0,0,0,0,0,0,0,0,0,0,0,0,0,0,0,0,6,0,0,0,0,11,0.65,9,1.65,24.0,16.6,1.33,17110.00,10.1,10.17
2007-02-28,TRANS,Roberts River5,1,0,0,0,0,0,0,0,0,0,0,0,0,3,0,0,0,0,0,0,0,0,0,0,0,0,0,0,0,0,0,0,0,6,0,0,0,22,0,0,0,0,31,0.80,30,1.50,25.0,48.0,3.88,12480.00,7.1,5.02
2007-03-05,TRANS,Rookery Branch12,1,10,0,0,0,0,0,0,0,1,0,0,0,0,0,0,2,0,0,0,0,0,0,0,0,0,0,0,0,0,1,0,0,0,0,0,0,3,0,0,0,0,17,1.20,8,1.20,23.5,59.2,4.92,0.58,0.3,-9999.00
2007-03-05,TRANS,Rookery Branch12,2,7,0,0,2,0,2,0,0,0,0,1,0,1,0,1,5,0,0,0,0,0,0,0,0,0,0,0,0,0,1,0,0,0,0,0,0,1,1,0,0,0,22,1.54,7,1.54,21.5,30.9,2.95,0.82,0.4,-9999.00
2007-03-05,TRANS,Rookery Branch12,3,11,0,0,2,0,0,1,0,1,1,3,0,0,0,0,3,0,0,0,0,0,0,0,0,2,0,0,0,0,0,0,0,0,0,1,0,2,0,0,0,0,27,1.96,16,1.96,21.3,31.4,2.73,0.76,0.4,-9999.00
2007-03-05,TRANS,Rookery Branch16,2,0,0,0,0,0,0,0,0,0,0,0,0,0,0,0,0,0,0,0,0,0,0,0,0,0,0,0,0,0,0,0,0,0,0,0,0,2,0,0,0,0,2,1.05,6,1.17,27.2,61.4,4.68,12.72,7.3,-9999.00
2007-03-05,TRANS,Rookery Branch16,3,0,0,0,0,0,0,0,0,0,0,0,0,1,0,0,0,0,0,0,0,0,0,0,0,0,0,0,0,0,0,0,0,0,0,0,0,3,0,0,0,0,4,1.06,5,1.28,28.6,73.3,5.44,11.98,6.8,-9999.00
2007-03-05,TRANS,Rookery Branch16,1,1,0,0,0,0,2,0,0,0,0,0,0,1,0,0,0,0,0,0,0,0,0,0,0,0,0,0,0,0,0,0,0,0,0,84,0,0,0,0,0,0,88,1.10,16,1.91,22.1,41.2,3.58,1.34,0.7,-9999.00
2007-03-06,TRANS,Rookery Branch14,2,2,0,0,3,0,0,0,0,1,1,1,0,1,0,0,0,0,0,0,0,14,0,0,0,3,0,0,0,0,0,0,0,0,0,7,0,0,0,0,0,0,33,1.02,16,1.91,21.8,52.9,4.69,0.96,0.5,-9999.00
2007-03-06,TRANS,Rookery Branch14,3,0,0,0,4,0,0,0,1,0,1,0,0,0,0,0,0,0,0,0,2,0,0,0,0,2,0,0,0,0,0,0,0,3,0,8,0,0,0,0,0,0,21,1.20,22,1.80,21.9,58.1,5.49,0.82,0.4,-9999.00
2007-03-06,TRANS,Rookery Branch14,1,1,0,0,8,0,0,0,0,0,1,0,0,0,0,0,1,0,0,0,0,1,0,0,0,5,0,0,0,0,0,0,0,0,0,0,0,0,0,0,0,0,17,2.20,-9999,2.20,20.8,1.7,4.58,0.62,0.3,-9999.00
2007-03-06,TRANS,Rookery Branch15,3,3,0,0,0,0,0,0,0,0,0,0,0,0,0,0,2,0,0,0,0,0,0,0,0,4,0,0,0,0,0,0,0,0,0,0,0,0,0,0,0,0,9,1.08,11,1.80,22.1,37.1,3.22,1.34,0.7,-9999.00
2007-03-06,TRANS,Rookery Branch15,2,0,0,0,0,0,0,0,0,0,0,0,0,0,0,0,3,0,0,0,0,0,0,0,0,12,0,1,0,0,0,0,0,0,0,0,0,0,0,0,0,0,16,1.09,8,1.81,21.6,37.3,3.30,1.36,0.7,-9999.00
2007-03-06,TRANS,Rookery Branch15,1,0,0,0,0,0,0,0,0,0,0,0,0,0,0,0,0,0,0,0,0,0,0,0,0,2,0,0,0,0,0,0,0,0,0,0,0,0,0,0,0,0,2,1.22,24,1.82,21.8,59.7,5.20,0.80,0.4,-9999.00
2007-03-06,TRANS,Rookery Branch7,1,2,0,0,0,0,2,0,0,0,0,0,0,0,2,0,0,0,0,0,0,0,0,0,0,0,0,0,0,0,0,0,0,0,0,0,0,0,0,0,0,0,6,1.00,2,1.10,17.9,14.7,1.32,10.43,5.1,-9999.00
2007-03-06,TRANS,Rookery Branch7,2,14,0,0,0,0,17,0,0,0,0,0,0,0,0,0,1,0,0,0,0,4,0,0,0,0,0,0,0,0,0,0,0,0,0,0,0,0,0,0,0,0,36,1.30,10,1.30,22.6,29.3,2.46,1.52,0.8,-9999.00
2007-03-06,TRANS,Rookery Branch7,3,21,0,0,0,0,0,0,0,0,0,0,0,0,0,0,2,0,0,0,0,0,0,0,0,0,0,0,0,0,0,0,0,0,0,0,0,0,0,0,0,0,23,1.31,8,1.31,22.8,26.7,2.30,1.41,0.7,-9999.00
2007-03-07,TRANS,Rookery Branch10,1,23,0,0,3,0,2,0,0,0,0,0,0,17,0,0,13,0,0,0,0,0,0,0,0,2,0,0,0,0,0,0,0,3,0,1,0,1,0,0,0,0,65,1.01,8,1.01,21.6,54.8,4.82,0.62,0.3,-9999.00
2007-03-07,TRANS,Rookery Branch10,2,19,0,1,3,0,0,0,0,1,0,1,0,1,0,0,3,0,0,0,0,1,0,0,0,3,0,0,0,0,0,0,0,1,0,0,0,1,0,0,0,0,35,1.08,12,1.08,21.7,54.8,5.48,0.58,0.3,-9999.00
2007-03-07,TRANS,Rookery Branch10,3,26,0,0,1,0,1,0,0,0,0,0,0,3,1,0,4,0,0,0,1,7,0,0,0,1,0,0,0,0,0,0,0,1,0,2,0,0,0,0,0,0,48,1.15,11,1.15,22.7,59.8,5.19,0.57,0.3,-9999.00
2007-03-07,TRANS,Rookery Branch11,1,14,0,0,4,0,0,0,0,0,0,0,0,0,0,1,11,0,0,0,0,2,0,0,0,3,0,0,0,0,0,0,0,0,0,0,0,0,0,0,0,0,35,1.09,14,1.09,22.8,62.5,5.32,0.56,0.3,-9999.00
2007-03-07,TRANS,Rookery Branch11,3,25,0,0,6,0,0,0,0,1,0,0,0,0,0,1,0,0,0,0,0,6,0,0,0,4,0,0,0,0,0,0,0,0,0,0,0,4,0,0,0,0,47,1.50,14,1.50,23.6,54.0,4.59,0.58,0.3,-9999.00
2007-03-07,TRANS,Rookery Branch11,2,13,0,0,3,0,0,0,0,0,0,0,0,3,0,0,11,0,0,0,0,2,0,0,0,0,0,0,0,0,0,0,0,0,0,1,0,0,0,0,0,0,33,1.52,20,1.52,23.7,52.0,4.20,0.58,0.3,-9999.00
2007-03-07,TRANS,Rookery Branch13,2,11,0,0,8,0,0,0,1,1,0,0,0,4,0,3,0,0,0,0,0,12,0,0,0,1,0,0,0,0,0,0,0,0,0,0,0,0,0,0,0,0,41,0.97,40,2.00,22.9,47.0,4.15,0.64,0.3,-9999.00
2007-03-07,TRANS,Rookery Branch13,3,13,0,0,5,0,0,0,0,0,0,0,0,0,0,2,0,0,0,0,0,6,0,0,0,1,0,0,0,0,0,0,0,0,0,2,0,1,0,0,0,0,30,1.05,45,2.05,23.1,52.3,4.38,0.69,0.3,-9999.00
2007-03-07,TRANS,Rookery Branch13,1,8,0,0,9,0,0,0,2,1,2,0,0,4,0,0,0,0,0,0,1,19,0,0,0,3,0,0,0,0,1,0,0,1,0,3,0,0,0,0,0,0,54,1.74,13,1.74,21.3,32.1,3.03,0.72,0.4,-9999.00
2007-03-07,TRANS,Rookery Branch8,1,17,0,0,18,0,1,0,0,1,8,0,0,1,0,0,3,0,0,0,3,13,0,0,0,6,0,0,0,0,0,0,0,0,0,5,0,0,0,0,0,0,76,1.20,8,1.20,22.8,27.1,2.30,1.36,0.7,-9999.00
2007-03-07,TRANS,Rookery Branch8,2,23,0,0,21,0,0,1,0,0,7,3,0,10,0,0,2,0,0,0,1,6,0,0,0,8,0,0,0,0,0,0,0,0,0,0,0,0,0,0,0,0,82,1.66,30,1.66,23.3,48.1,4.02,0.74,0.4,-9999.00
2007-03-07,TRANS,Rookery Branch8,3,36,0,0,20,0,1,0,0,2,0,0,0,9,0,0,9,0,0,0,0,11,0,0,0,14,0,0,0,0,0,0,0,2,0,1,0,0,0,0,0,0,105,1.75,30,1.75,23.2,50.3,4.31,0.80,0.3,-9999.00
2007-03-07,TRANS,Rookery Branch9,2,17,0,0,4,0,2,0,0,0,1,0,0,5,0,2,3,0,0,0,0,5,0,0,0,6,0,0,0,0,1,0,0,0,0,0,0,0,0,0,0,0,46,0.88,7,0.88,22.0,48.5,4.30,0.61,0.3,-9999.00
2007-03-07,TRANS,Rookery Branch9,3,30,0,0,19,0,0,0,0,1,4,4,0,4,2,0,3,0,0,0,0,9,0,0,0,11,0,0,0,0,1,0,1,1,0,0,0,1,0,0,0,0,91,1.09,14,1.09,21.2,47.7,4.33,0.62,0.3,-9999.00
2007-03-07,TRANS,Rookery Branch9,1,27,0,0,2,0,0,0,0,0,0,0,0,0,0,0,10,0,0,0,0,3,0,0,0,5,0,0,0,0,0,0,0,0,0,0,0,0,0,0,0,0,47,1.80,25,1.80,23.2,50.1,4.29,0.69,0.3,-9999.00
2007-04-03,DRY,Roberts River4,1,0,0,0,0,0,0,0,0,0,0,0,0,1,0,0,0,0,0,0,0,0,0,0,0,0,0,0,0,0,0,0,0,0,0,0,0,0,0,0,0,0,1,0.67,35,1.05,24.7,83.0,6.81,4373.00,2.3,2.64
2007-04-03,DRY,Roberts River4,2,0,0,0,0,0,0,0,0,0,0,0,0,0,0,0,0,0,0,0,0,0,0,0,0,0,0,0,0,0,0,0,0,0,0,0,0,0,0,0,0,0,0,0.75,10,0.95,22.4,66.4,5.54,2079.00,1.1,3.19
2007-04-03,DRY,Roberts River4,3,0,0,0,0,0,0,0,0,0,0,0,0,0,0,0,0,0,0,0,0,0,0,0,0,0,0,0,0,0,0,0,0,0,0,0,0,0,0,0,0,0,0,1.00,10,1.00,22.7,53.0,4.56,1835.00,0.9,2.50
2007-04-03,DRY,Roberts River5,3,0,0,0,0,0,0,0,0,0,0,0,0,1,0,0,0,0,0,0,0,0,0,0,0,0,0,0,0,0,0,0,0,0,0,0,0,0,0,0,0,0,1,0.35,10,0.61,24.9,88.2,7.20,3512.00,1.8,3.28
2007-04-03,DRY,Roberts River5,2,0,0,0,0,0,0,0,0,0,0,0,0,3,0,0,0,0,0,0,0,0,0,0,0,0,0,0,0,0,0,0,0,0,0,0,0,0,0,0,0,0,3,0.70,8,1.43,24.8,90.0,7.40,3399.00,1.8,3.01
2007-04-03,DRY,Roberts River5,1,0,0,0,0,0,0,0,0,0,0,0,0,0,0,0,0,0,0,0,0,0,0,0,0,0,0,0,0,0,0,0,0,2,0,0,0,5,0,0,0,0,7,0.70,10,0.81,22.7,54.4,4.55,1829.00,0.9,3.62
2007-04-04,DRY,North River1,1,0,0,0,0,0,0,0,0,0,0,0,0,1,0,0,0,0,0,0,0,0,0,0,0,0,0,0,0,0,0,0,0,0,0,0,0,0,0,0,0,0,1,0.80,15,1.52,23.3,11.8,0.62,20050.00,12.3,3.28
2007-04-04,DRY,North River1,3,0,0,0,0,0,0,0,0,0,0,0,0,1,0,0,0,0,0,0,0,0,0,0,0,0,0,0,0,0,1,0,0,0,0,0,0,2,0,0,0,1,5,0.90,18,1.12,22.2,46.7,3.65,24450.00,15.0,1.96
2007-04-04,DRY,North River1,2,0,0,0,0,0,0,0,0,0,0,0,0,0,0,0,0,0,0,0,0,0,0,0,0,0,0,0,0,0,0,0,0,0,0,0,0,0,0,0,0,0,0,1.20,10,1.73,22.1,45.1,3.02,24130.00,14.5,1.29
2007-04-04,DRY,North River2,2,0,0,0,0,0,0,0,0,0,0,0,0,5,0,0,0,0,0,0,0,0,0,0,0,0,0,0,0,0,0,0,0,0,0,0,0,0,0,0,0,0,5,0.74,12,0.93,24.1,1.4,0.12,6860.00,3.8,6.65
2007-04-04,DRY,North River2,3,0,0,0,0,0,0,0,0,0,0,0,0,0,0,0,0,0,0,0,0,0,0,0,0,0,0,0,0,0,0,0,0,0,0,0,0,0,0,0,0,0,0,1.03,12,1.03,24.3,1.3,0.11,6800.00,3.7,5.31
2007-04-04,DRY,North River2,1,0,0,0,0,0,0,0,0,0,0,0,0,1,0,0,0,0,0,0,0,0,0,0,0,0,0,0,0,0,0,0,0,0,0,0,0,0,0,0,0,0,1,1.10,7,2.10,23.3,0.8,0.06,25300.00,15.0,3.33
2007-04-04,DRY,North River3,3,0,0,0,0,0,0,0,0,0,0,0,0,0,0,0,0,0,0,0,0,0,0,0,0,0,0,0,0,0,0,0,0,0,0,0,0,0,0,0,0,0,0,0.74,35,1.50,24.9,85.5,7.00,4499.00,2.4,2.66
2007-04-04,DRY,North River3,2,0,0,0,0,0,0,0,0,0,0,0,0,0,0,0,0,0,0,0,0,0,0,0,0,0,0,0,0,0,0,0,0,2,0,0,0,0,0,1,0,0,3,0.75,35,1.58,24.8,82.2,6.90,4559.00,2.4,2.74
2007-04-04,DRY,North River3,1,0,0,0,0,0,0,0,0,0,0,0,0,0,0,0,0,0,0,0,0,0,0,0,0,0,0,0,0,0,0,0,0,0,0,0,0,1,0,0,0,0,1,1.11,10,1.11,24.2,1.4,0.11,6530.00,3.6,4.50
2007-04-26,DRY,Rookery Branch10,2,32,0,0,0,0,0,0,0,0,0,0,0,0,0,0,1,0,0,0,0,1,0,0,0,1,0,0,0,0,0,0,0,0,0,0,0,0,0,0,0,0,35,-9999.00,4,1.48,26.5,-9999.0,2.86,-9999.00,0.8,-9999.00
2007-04-26,DRY,Rookery Branch10,3,14,0,0,0,0,0,0,0,0,0,0,0,1,0,0,0,0,0,0,0,0,0,0,0,0,0,0,0,0,0,0,0,0,0,1,0,0,0,0,0,0,16,-9999.00,6,1.61,26.3,-9999.0,2.60,-9999.00,1.0,-9999.00
2007-04-26,DRY,Rookery Branch10,1,16,0,0,0,0,0,0,0,0,0,0,0,3,0,0,1,0,0,0,0,0,0,0,0,0,0,0,0,0,0,0,0,1,0,0,0,0,0,0,0,0,21,-9999.00,7,1.76,26.4,-9999.0,3.12,-9999.00,1.1,-9999.00
2007-04-26,DRY,Rookery Branch11,1,11,0,0,1,0,0,0,0,0,0,0,0,0,0,0,0,0,0,0,0,1,0,0,0,2,0,0,0,0,0,0,0,0,0,0,0,0,0,0,0,0,15,-9999.00,9,1.65,26.7,-9999.0,2.20,-9999.00,0.6,-9999.00
2007-04-26,DRY,Rookery Branch11,3,11,0,0,1,0,0,0,0,0,0,0,0,2,0,0,0,0,0,0,0,0,0,0,0,0,0,0,0,0,0,0,0,0,0,0,0,9,0,0,0,0,23,-9999.00,5,1.34,27.5,-9999.0,2.31,-9999.00,0.7,-9999.00
2007-04-26,DRY,Rookery Branch11,2,14,0,0,0,0,0,0,0,1,0,2,0,0,0,0,0,0,0,0,0,1,0,0,0,0,0,0,0,0,0,0,0,1,0,0,0,0,0,0,0,0,19,-9999.00,8,1.40,26.9,-9999.0,2.50,-9999.00,0.7,-9999.00
2007-04-26,DRY,Rookery Branch12,2,1,0,0,0,0,0,0,0,0,0,0,0,0,0,0,0,0,0,0,0,0,0,0,0,0,0,0,0,0,0,0,0,0,0,0,0,0,0,0,0,0,1,-9999.00,5,1.62,26.5,-9999.0,2.54,-9999.00,0.6,-9999.00
2007-04-26,DRY,Rookery Branch12,3,9,0,0,0,0,0,0,0,0,0,0,0,1,0,1,0,0,0,0,0,0,0,0,0,4,0,0,0,0,0,0,0,0,0,0,0,0,0,0,0,0,15,-9999.00,8,1.03,26.7,-9999.0,3.00,-9999.00,0.6,-9999.00
2007-04-26,DRY,Rookery Branch12,1,14,0,0,0,0,0,0,0,0,0,0,0,0,0,0,0,0,0,0,0,0,0,0,0,0,0,0,0,0,0,0,0,0,0,0,0,0,0,0,0,0,14,-9999.00,7,1.20,27.1,-9999.0,2.80,-9999.00,0.7,-9999.00
2007-05-01,DRY,Rookery Branch10,3,24,0,0,4,0,0,0,0,0,0,0,0,5,0,0,0,0,0,0,0,2,0,0,0,0,0,0,0,0,0,0,0,2,0,1,1,0,0,0,0,0,39,1.23,15,1.23,17.5,41.1,3.98,0.52,0.3,-9999.00
2007-05-01,DRY,Rookery Branch10,1,16,0,0,3,0,0,0,0,0,0,0,0,25,0,0,2,0,0,0,0,0,0,0,0,0,0,0,0,0,0,0,0,2,0,0,0,1,0,0,0,0,49,1.24,8,1.24,19.0,48.1,4.51,0.52,0.3,-9999.00
2007-05-01,DRY,Rookery Branch10,2,24,0,0,1,0,0,0,0,0,0,0,0,5,1,0,1,0,1,0,0,2,0,0,0,0,0,0,0,0,0,0,0,4,0,1,0,0,0,0,0,0,40,1.57,16,1.57,17.4,41.3,3.93,0.51,0.2,-9999.00
2007-05-01,DRY,Rookery Branch11,2,17,0,0,1,0,0,0,0,0,1,0,0,6,0,0,1,0,0,0,1,1,0,0,0,0,0,0,0,0,0,0,0,3,0,0,0,0,0,0,0,0,31,1.25,8,1.25,18.2,42.0,3.97,0.75,0.4,-9999.00
2007-05-01,DRY,Rookery Branch11,1,6,0,0,3,0,0,0,1,0,0,0,0,0,0,1,1,0,0,0,0,4,0,0,0,6,0,0,0,0,0,0,0,0,0,12,0,0,0,0,0,0,34,1.28,6,1.28,18.0,43.5,4.01,0.51,0.2,-9999.00
2007-05-01,DRY,Rookery Branch11,3,14,0,0,4,0,0,0,0,0,0,0,0,4,0,0,1,0,0,0,2,2,0,0,0,4,0,0,0,0,0,0,0,8,0,0,0,1,0,0,0,0,40,1.46,10,1.46,18.5,43.1,4.05,0.71,0.3,-9999.00
2007-05-02,DRY,Rookery Branch12,2,6,0,0,0,0,0,0,0,1,0,0,0,2,0,2,5,0,0,0,2,1,0,0,0,0,0,0,0,0,0,0,0,1,0,0,0,0,0,0,0,0,20,1.42,5,1.42,15.9,82.2,8.37,1.79,0.9,-9999.00
2007-05-02,DRY,Rookery Branch12,3,33,0,0,0,0,0,0,0,0,0,0,0,0,0,0,1,0,0,0,0,0,0,0,0,0,0,0,0,0,0,0,0,0,0,0,0,1,0,0,0,0,35,1.50,4,1.50,18.4,88.2,8.06,1.69,0.9,-9999.00
2007-05-02,DRY,Rookery Branch12,1,33,0,0,0,0,0,0,0,0,0,0,0,1,0,0,3,0,0,0,0,0,0,0,0,0,0,0,0,0,0,0,0,0,0,0,0,0,0,0,0,0,37,1.70,14,1.70,18.8,42.1,4.15,0.67,0.3,-9999.00
2007-05-02,DRY,Rookery Branch16,3,1,0,0,0,0,0,0,0,0,0,0,0,0,0,0,0,0,0,0,0,0,0,0,0,0,0,0,0,0,0,0,0,0,0,0,0,0,0,0,0,0,1,0.99,16,1.55,18.9,37.9,3.32,10.20,5.1,-9999.00
2007-05-02,DRY,Rookery Branch16,2,0,0,0,0,0,0,0,0,0,0,0,0,0,0,2,0,0,0,0,0,0,0,0,0,0,0,0,0,0,0,0,0,1,0,1,0,1,0,0,0,0,5,1.00,12,1.50,18.0,43.4,4.03,5.83,2.9,-9999.00
2007-05-02,DRY,Rookery Branch16,1,0,0,0,0,0,0,0,0,0,0,0,0,0,0,5,0,0,0,0,0,0,0,4,0,0,0,0,0,0,0,0,0,0,0,3,0,0,0,0,0,0,12,1.58,15,1.58,18.0,4.8,0.41,4.32,2.0,-9999.00
2007-05-02,DRY,Rookery Branch8,1,9,0,0,2,0,1,0,0,3,2,0,0,0,0,0,4,0,0,0,0,1,0,0,0,3,0,0,0,0,0,0,0,0,0,12,0,0,0,0,0,0,37,1.05,7,1.05,18.1,54.3,5.15,0.64,0.3,-9999.00
2007-05-02,DRY,Rookery Branch8,3,14,0,0,6,0,2,0,0,0,3,1,0,0,0,0,0,0,0,0,0,0,0,0,0,7,0,0,0,0,0,0,0,0,0,18,0,0,0,0,0,0,51,1.35,7,1.35,19.3,55.4,5.07,0.55,0.3,-9999.00
2007-05-02,DRY,Rookery Branch8,2,6,0,0,1,0,1,0,0,1,4,1,0,2,0,1,2,0,0,0,0,2,0,0,0,4,0,0,0,0,0,0,0,0,0,14,0,0,0,0,0,0,39,1.55,11,1.55,19.7,54.0,5.01,0.55,0.3,-9999.00
2007-05-02,DRY,Rookery Branch9,1,8,0,0,2,0,1,0,0,0,1,0,0,1,0,0,1,0,0,0,0,0,0,0,0,1,0,0,0,0,0,0,0,0,0,0,0,0,0,0,0,0,15,1.33,8,1.33,19.0,56.0,5.12,0.55,0.3,-9999.00
2007-05-02,DRY,Rookery Branch9,3,25,0,0,0,0,1,0,0,0,0,1,0,0,0,1,5,0,0,0,1,1,0,0,0,1,0,0,0,0,0,0,0,1,0,0,0,0,0,0,0,0,37,1.42,10,1.42,18.8,47.2,4.41,0.52,0.3,-9999.00
2007-05-02,DRY,Rookery Branch9,2,20,0,0,3,0,0,0,0,0,2,1,0,0,0,1,3,0,0,0,0,1,0,0,0,0,0,0,0,0,0,0,0,1,0,0,0,2,0,0,0,0,34,1.56,10,1.56,18.3,47.1,4.42,0.52,0.3,-9999.00
2007-05-03,DRY,Rookery Branch13,1,9,0,0,3,0,0,0,0,0,2,0,0,0,0,2,0,0,2,0,0,5,0,0,0,1,0,0,0,0,0,0,0,0,0,11,0,0,0,0,0,0,35,1.21,7,1.21,20.6,91.0,8.10,1.72,0.9,-9999.00
2007-05-03,DRY,Rookery Branch13,3,4,0,0,8,0,0,0,0,1,0,0,0,2,0,1,1,0,0,0,0,2,0,1,0,2,0,0,0,0,0,0,0,0,0,7,0,0,0,0,0,0,29,1.45,10,1.45,17.2,45.7,4.35,2.30,1.2,-9999.00
2007-05-03,DRY,Rookery Branch13,2,7,0,0,0,0,0,0,0,1,1,0,0,0,0,1,0,0,0,0,0,1,0,0,0,3,0,0,0,0,0,0,0,0,0,4,0,0,0,0,0,0,18,1.60,9,1.60,17.8,50.0,4.73,2.28,1.2,-9999.00
2007-05-03,DRY,Rookery Branch14,3,4,0,0,0,0,1,0,0,0,0,0,0,1,0,0,0,0,0,0,0,0,0,0,0,0,0,0,0,0,0,0,0,0,0,1,0,1,0,0,0,0,8,1.14,8,1.14,14.6,57.5,5.76,4.94,2.7,-9999.00
2007-05-03,DRY,Rookery Branch14,2,0,0,0,4,0,0,0,0,0,0,0,0,1,0,0,0,0,0,0,0,0,0,0,0,0,0,0,0,0,0,0,0,0,0,4,0,0,0,0,0,0,9,1.25,25,1.25,15.2,51.6,5.14,0.60,3.3,-9999.00
2007-05-03,DRY,Rookery Branch14,1,0,0,0,1,0,0,0,0,1,0,0,0,5,0,0,0,0,0,0,0,0,0,0,0,1,0,0,0,0,0,0,0,0,0,6,0,0,0,0,0,0,14,1.80,8,1.80,17.1,44.5,4.22,2.19,1.1,-9999.00
2007-05-03,DRY,Rookery Branch15,1,0,0,0,0,0,0,0,0,0,0,0,0,0,0,0,0,0,0,0,0,0,0,0,0,0,0,0,0,0,0,0,0,0,0,0,0,0,0,0,0,0,0,1.20,11,1.20,15.1,54.4,5.26,4.54,4.0,-9999.00
2007-05-03,DRY,Rookery Branch15,2,0,0,0,0,0,0,0,0,0,0,0,0,0,0,0,0,0,0,0,0,0,0,0,0,0,0,0,0,0,0,0,0,0,0,0,0,1,0,0,0,0,1,1.50,6,1.50,17.3,5.2,0.50,3.78,1.9,-9999.00
2007-05-03,DRY,Rookery Branch15,3,1,0,0,1,0,0,0,0,0,0,0,0,0,0,0,0,0,0,0,0,0,0,0,0,0,0,0,0,0,0,0,0,0,0,0,0,0,0,0,0,0,2,1.54,8,1.54,16.9,7.0,0.67,3.77,2.4,-9999.00
2007-05-03,DRY,Rookery Branch7,3,8,0,0,0,0,0,0,1,0,0,0,0,0,0,0,1,0,0,0,0,0,0,0,0,2,0,0,0,0,0,0,0,0,0,0,0,0,0,0,0,0,12,1.05,15,1.05,17.8,54.7,5.23,0.63,0.3,-9999.00
2007-05-03,DRY,Rookery Branch7,2,3,0,0,0,0,0,0,0,0,0,0,0,2,0,0,1,0,0,0,0,0,0,0,0,0,0,0,0,0,0,0,0,0,0,0,0,0,0,0,0,0,6,1.47,25,1.47,17.4,50.6,4.86,0.64,0.3,-9999.00
2007-05-03,DRY,Rookery Branch7,1,35,0,0,0,0,0,0,0,0,0,0,0,0,0,0,8,0,0,0,0,0,0,0,0,3,0,0,0,0,0,0,0,0,0,0,0,0,0,0,0,0,46,1.54,10,1.54,20.8,32.0,2.75,0.68,0.3,-9999.00
2007-11-19,WET ,North River3,3,0,0,0,0,0,0,0,0,0,0,0,0,4,0,0,0,0,0,0,0,0,0,0,0,0,0,0,0,0,2,0,0,0,0,0,0,20,0,0,0,0,26,1.02,25,1.02,27.0,17.5,1.41,8030.00,4.4,0.67
2007-11-19,WET ,North River3,2,0,0,0,0,0,0,0,0,0,0,0,0,0,0,0,0,0,0,0,0,0,0,0,0,0,0,0,0,0,0,0,0,0,0,0,0,0,0,0,0,0,0,1.28,18,1.28,28.3,22.7,1.67,9010.00,4.7,0.34
2007-11-19,WET ,North River3,1,1,0,0,0,0,0,0,0,0,0,0,0,0,0,0,0,0,0,0,0,0,0,0,0,0,0,0,0,0,0,0,0,0,0,0,0,0,0,0,0,0,1,1.50,20,1.50,27.6,21.2,1.36,10320.00,5.8,0.34
2007-11-19,WET ,Roberts River4,2,0,0,0,0,0,0,0,0,0,0,0,0,0,0,0,0,0,0,0,2,0,0,0,0,0,0,0,0,0,0,0,0,0,0,0,0,0,0,0,0,0,2,1.10,9,1.80,27.9,25.1,1.85,17780.00,10.4,0.00
2007-11-19,WET ,Roberts River4,3,0,0,0,0,0,0,0,0,0,0,0,0,0,0,0,0,0,0,0,0,0,0,0,0,0,0,0,0,0,0,0,0,0,0,0,0,0,0,0,0,0,0,1.10,12,1.70,27.9,22.3,1.66,16710.00,9.9,0.03
2007-11-19,WET ,Roberts River4,1,3,0,0,0,0,0,0,0,0,0,0,0,0,0,0,0,0,0,0,0,0,0,0,0,0,0,0,0,0,0,0,0,0,0,0,0,0,0,0,0,0,3,1.30,12,1.90,28.0,25.4,1.83,19480.00,11.5,0.01
2007-11-19,WET ,Roberts River5,1,1,0,0,0,0,0,0,0,0,0,0,0,46,0,0,0,0,0,0,0,0,0,0,0,0,0,0,0,0,1,0,0,13,0,0,0,1,0,0,0,0,62,1.15,30,1.55,26.8,49.7,3.82,13350.00,7.7,0.64
2007-11-19,WET ,Roberts River5,2,0,0,0,0,0,0,0,0,0,0,0,0,0,0,0,0,0,0,0,0,0,0,0,0,0,0,0,0,0,0,0,0,0,0,0,0,24,0,0,0,0,24,1.20,24,1.71,26.2,47.4,3.68,12970.00,7.3,0.62
2007-11-19,WET ,Roberts River5,3,1,0,0,0,0,0,0,0,0,0,0,0,0,0,0,0,0,0,0,0,0,0,0,0,0,0,0,0,0,0,0,0,0,0,0,0,1,0,0,0,0,2,1.28,20,1.62,26.6,47.2,3.73,11890.00,6.7,0.18
2007-11-20,WET ,North River1,1,0,0,0,0,0,0,0,0,0,1,0,0,0,0,1,0,0,0,0,0,0,0,0,0,1,0,0,0,0,0,0,0,0,0,2,0,0,0,0,0,0,5,0.92,10,1.46,24.6,10.7,0.87,8740.00,4.9,4.97
2007-11-20,WET ,North River1,2,0,0,0,1,0,0,0,0,0,0,0,0,0,0,2,0,1,0,0,0,0,2,0,0,4,0,0,0,0,0,0,0,0,0,2,0,0,0,0,0,0,12,1.54,12,1.54,24.2,12.3,1.00,7110.00,4.0,1.32
2007-11-20,WET ,North River1,3,0,0,0,0,0,0,0,0,0,0,0,0,10,0,1,0,0,0,0,0,0,2,0,0,1,0,0,0,0,1,0,0,27,0,0,0,0,0,0,0,0,42,1.70,13,1.70,24.6,15.0,1.21,5010.00,2.8,0.10
2007-11-20,WET ,North River2,2,1,0,0,0,0,0,0,0,0,0,0,0,0,0,0,0,0,0,0,0,0,0,0,0,1,0,0,0,0,0,0,0,0,0,0,0,0,0,0,0,0,2,1.30,45,1.30,27.1,60.4,4.88,2876.00,1.5,0.00
2007-11-20,WET ,North River2,1,2,0,0,0,0,0,0,0,0,0,0,0,1,0,0,0,0,0,0,0,0,0,0,0,0,0,0,0,0,0,0,0,0,0,0,0,7,0,0,0,0,10,1.60,42,1.60,27.3,59.2,4.70,3154.00,1.7,0.00
2007-11-20,WET ,North River2,3,0,0,0,0,0,0,0,0,0,0,0,0,6,0,0,0,0,0,0,0,0,0,0,0,0,0,0,0,0,0,0,0,0,0,0,0,8,0,0,0,0,14,1.62,45,1.62,27.4,62.3,5.06,3132.00,1.6,0.00
2007-12-03,WET ,Rookery Branch12,1,10,0,0,0,0,0,0,0,0,0,0,0,3,0,0,0,0,0,0,0,0,0,0,0,0,0,0,0,0,0,0,0,0,0,1,0,2,0,0,0,0,16,1.05,28,1.45,21.9,45.2,3.97,1316.00,0.7,3.75
2007-12-03,WET ,Rookery Branch12,2,4,0,0,1,0,0,0,0,1,0,0,0,2,2,0,2,0,0,0,0,0,0,0,0,0,0,0,0,0,2,0,0,0,0,0,0,0,0,0,0,0,14,1.25,30,1.55,22.2,44.0,3.97,1262.00,0.6,2.90
2007-12-03,WET ,Rookery Branch12,3,2,0,0,1,0,2,1,0,0,0,0,0,0,0,0,3,0,0,0,3,0,0,0,0,0,0,0,0,0,0,0,0,0,0,2,0,1,0,2,0,0,17,1.45,30,1.30,22.2,44.0,3.95,1339.00,0.7,2.84
2007-12-03,WET ,Rookery Branch16,1,0,0,0,0,0,1,0,0,0,0,0,0,0,0,1,0,0,0,0,2,0,0,0,0,3,2,5,0,0,0,0,0,0,0,3,0,0,0,2,0,0,19,1.00,6,1.00,22.7,22.1,1.91,1917.00,1.0,4.86
2007-12-03,WET ,Rookery Branch16,3,3,0,0,0,0,0,0,0,0,0,0,0,3,0,0,0,0,0,0,0,0,0,0,0,0,0,0,0,0,0,0,0,0,0,0,0,0,0,0,0,0,6,1.15,12,1.28,22.1,34.2,2.97,1821.00,0.9,3.13
2007-12-03,WET ,Rookery Branch16,2,1,0,0,0,0,0,0,0,2,0,0,0,0,0,3,0,0,1,0,3,0,0,0,0,0,0,0,0,0,0,0,0,0,0,8,0,0,0,1,0,0,19,1.25,12,1.20,21.9,28.9,2.53,1798.00,0.9,1.62
2007-12-04,WET ,Rookery Branch10,2,1,0,0,1,0,0,0,0,0,0,0,0,6,0,1,2,0,0,0,0,0,0,0,0,0,0,0,0,0,0,0,0,0,0,1,0,0,0,0,0,0,12,1.15,17,1.70,26.4,61.2,4.73,17120.00,10.3,0.62
2007-12-04,WET ,Rookery Branch10,3,4,0,0,0,0,1,0,0,0,0,0,0,0,0,0,2,0,0,0,0,0,0,0,0,0,0,0,0,0,0,0,0,0,0,0,0,0,0,0,0,0,7,1.25,10,1.90,25.7,25.1,2.18,16140.00,9.9,1.04
2007-12-04,WET ,Rookery Branch10,1,2,0,0,1,0,0,0,0,0,0,0,0,6,0,1,0,0,0,0,0,0,0,0,0,0,0,0,0,0,0,0,0,1,0,1,0,8,0,0,0,0,20,1.30,10,2.05,26.1,64.8,4.88,17620.00,10.4,0.80
2007-12-04,WET ,Rookery Branch11,3,4,0,0,0,0,2,0,0,0,0,0,0,5,0,2,2,0,0,0,0,1,0,0,0,0,0,0,0,0,0,0,0,0,0,0,0,0,0,0,0,0,16,0.90,8,0.90,21.6,2.3,0.20,3317.00,1.6,8.55
2007-12-04,WET ,Rookery Branch11,2,2,0,0,3,0,2,0,0,1,0,0,0,0,0,0,0,0,0,0,0,0,0,0,0,0,0,0,0,0,0,0,0,0,0,0,0,0,0,0,0,0,8,0.90,12,1.05,21.6,0.4,0.03,3324.00,1.7,12.47
2007-12-04,WET ,Rookery Branch11,1,2,0,0,0,0,3,0,0,0,0,1,0,0,0,6,2,0,0,0,0,0,0,0,0,0,0,0,0,0,0,0,0,0,0,1,0,0,0,1,0,0,16,0.95,15,1.30,21.6,0.1,0.02,3162.00,1.8,16.53
2007-12-04,WET ,Rookery Branch9,2,5,0,0,0,0,2,0,0,0,0,0,0,0,0,0,4,0,0,0,0,1,0,0,0,0,0,0,0,0,0,0,0,0,0,0,0,0,0,0,0,0,12,1.30,7,1.65,25.2,37.9,2.96,17580.00,10.1,0.93
2007-12-04,WET ,Rookery Branch9,1,3,0,0,2,0,0,0,0,0,0,0,0,1,0,0,1,0,0,0,0,0,0,0,0,0,0,0,0,1,1,0,0,0,0,0,0,0,0,0,0,0,9,1.40,10,1.72,25.2,37.5,2.10,15330.00,9.3,1.40
2007-12-04,WET ,Rookery Branch9,3,4,0,0,2,0,1,0,0,0,1,0,0,2,0,0,3,0,0,0,0,0,0,0,0,0,0,0,0,0,1,0,0,0,0,0,0,0,0,0,0,0,14,1.43,12,1.58,24.3,16.2,1.31,12780.00,7.3,0.51
2007-12-05,WET ,Rookery Branch13,3,3,0,0,2,0,1,0,0,0,2,0,0,4,0,2,0,1,0,0,0,0,0,0,0,1,0,0,0,0,1,0,0,1,0,12,0,0,0,0,0,0,30,0.70,6,0.70,21.2,35.7,3.18,877.00,0.4,3.48
2007-12-05,WET ,Rookery Branch13,2,18,0,0,6,0,0,0,0,0,0,0,0,0,0,1,2,0,0,0,1,2,0,0,0,0,0,0,0,0,0,0,0,0,0,0,0,0,0,0,0,0,30,0.80,12,0.80,21.2,31.2,3.01,885.00,0.4,1.51
2007-12-05,WET ,Rookery Branch13,1,2,0,0,4,0,1,0,0,1,2,1,0,0,0,2,0,3,0,0,0,0,0,0,0,1,1,1,0,0,0,0,0,0,0,6,0,0,0,0,0,0,25,0.88,8,0.88,21.3,32.0,2.78,938.00,0.5,1.53
2007-12-05,WET ,Rookery Branch14,3,1,0,0,5,0,0,0,2,2,0,0,0,8,0,0,0,0,0,0,0,0,0,0,0,1,0,0,0,1,1,0,0,12,0,13,0,5,0,0,0,0,51,0.85,12,0.95,20.9,33.6,3.00,1349.00,0.7,3.28
2007-12-05,WET ,Rookery Branch14,2,0,0,0,3,0,0,0,0,0,0,0,0,3,0,0,0,0,0,0,0,0,0,0,0,1,0,0,0,0,0,0,0,0,0,0,0,0,0,0,0,0,7,1.05,8,1.05,20.9,32.5,3.00,1333.00,0.7,3.43
2007-12-05,WET ,Rookery Branch14,1,1,0,0,3,0,0,0,0,0,0,0,0,2,0,0,0,0,0,0,1,0,0,0,0,0,0,0,0,0,0,0,0,7,0,0,0,0,0,0,0,0,14,1.15,15,1.45,20.4,30.0,2.73,1305.00,0.7,2.10
2007-12-05,WET ,Rookery Branch7,3,1,0,0,0,0,0,0,0,0,0,0,0,0,0,1,0,0,0,0,0,0,0,0,0,0,0,0,0,0,0,0,0,0,0,0,0,0,0,0,0,0,2,1.50,8,1.60,23.7,18.1,1.71,9800.00,5.5,0.39
2007-12-05,WET ,Rookery Branch7,2,6,0,0,0,0,0,0,0,0,0,0,0,0,0,0,0,0,0,0,0,0,0,0,0,0,0,0,0,0,0,0,0,0,0,0,0,0,0,0,0,0,6,1.60,14,1.60,23.7,22.6,1.86,10750.00,6.3,0.70
2007-12-05,WET ,Rookery Branch7,1,6,0,0,0,0,0,0,0,1,0,0,0,0,0,0,1,0,0,0,0,0,0,0,0,0,0,0,0,0,0,0,0,0,0,0,0,0,0,0,0,0,8,1.70,10,1.70,24.4,21.9,1.84,15350.00,8.9,0.51
2007-12-05,WET ,Rookery Branch8,3,12,0,0,3,0,2,0,0,0,0,0,0,4,0,1,2,0,0,0,0,0,0,0,0,0,0,0,0,0,0,0,0,0,0,5,0,0,0,2,0,0,31,1.25,8,1.55,26.9,50.0,3.88,15320.00,8.9,1.04
2007-12-05,WET ,Rookery Branch8,2,1,0,0,1,0,2,0,0,0,1,1,2,0,0,2,0,0,0,0,8,0,0,0,0,0,0,0,0,0,0,0,0,0,0,11,0,0,0,0,0,0,29,1.25,7,1.54,27.2,56.2,4.33,16000.00,9.3,1.33
2007-12-05,WET ,Rookery Branch8,1,2,0,0,4,0,0,0,0,0,0,0,0,1,0,2,4,0,0,0,0,1,0,0,0,0,0,0,0,0,0,0,0,0,0,0,0,0,0,0,0,0,14,1.30,17,1.75,27.8,63.0,4.76,16580.00,9.7,1.42
2007-12-06,WET ,Rookery Branch15,3,1,0,0,0,0,0,0,0,0,0,0,0,0,0,0,0,0,0,0,0,0,0,0,0,4,0,0,0,0,0,0,0,0,0,0,0,0,0,0,0,0,5,0.80,14,0.80,18.9,35.0,3.25,851.00,0.4,2.80
2007-12-06,WET ,Rookery Branch15,2,0,0,0,0,0,0,0,0,0,0,0,0,0,0,0,0,0,0,0,0,0,0,0,0,0,0,0,0,0,0,0,0,0,0,0,0,0,0,0,0,0,0,1.05,16,1.10,19.6,34.6,3.17,977.00,0.5,2.81
2007-12-06,WET ,Rookery Branch15,1,0,0,0,0,0,0,0,0,0,0,0,0,0,0,0,1,0,0,0,0,0,0,0,0,0,0,0,0,0,0,0,0,0,0,0,0,0,0,0,0,0,1,1.15,25,1.32,20.0,33.2,3.00,1461.00,0.7,1.74
2008-02-20,TRANS,Roberts River4,1,0,0,0,0,0,0,0,0,0,0,0,0,0,0,0,0,0,0,0,0,0,1,0,0,0,0,0,0,0,0,0,0,0,0,0,0,0,0,0,0,0,1,1.07,18,1.07,26.6,45.8,3.62,1079.00,0.5,0.12
2008-02-20,TRANS,Roberts River5,2,0,0,0,0,0,0,0,0,0,0,0,0,0,0,0,0,0,0,0,0,0,0,0,0,0,0,0,0,0,0,0,0,0,0,0,0,0,0,0,0,0,0,1.10,15,1.10,25.7,53.0,4.39,1083.00,0.5,0.39
2008-02-20,TRANS,Roberts River5,3,1,0,0,0,0,0,0,0,0,0,0,0,0,0,0,0,0,0,0,0,0,0,0,0,0,0,0,0,0,0,0,0,0,0,0,0,0,0,0,0,0,1,1.18,10,1.18,26.0,48.3,3.92,1005.00,0.5,1.01
2008-02-20,TRANS,Roberts River5,1,0,0,0,0,0,0,0,0,0,0,0,0,0,0,0,0,0,0,0,0,0,0,0,0,0,0,0,0,0,0,0,0,0,0,0,0,0,0,0,0,0,0,1.20,15,1.40,25.9,55.3,4.50,1200.00,0.6,0.36
2008-03-10,TRANS,Rookery Branch12,1,8,0,0,0,0,0,0,0,0,0,0,0,1,0,1,1,0,0,0,0,0,0,0,0,0,1,0,0,0,0,0,0,0,0,0,0,0,0,0,0,0,12,2.29,35,2.29,24.9,52.1,4.40,402.80,0.2,0.37
2008-03-10,TRANS,Rookery Branch12,3,7,0,0,1,0,0,0,0,0,0,0,0,2,0,2,1,0,0,0,0,0,0,0,0,0,0,0,0,0,0,0,0,0,0,0,0,0,0,0,0,0,13,2.30,35,2.30,24.9,55.2,4.58,405.10,0.2,0.01
2008-03-10,TRANS,Rookery Branch12,2,0,0,0,0,0,0,0,0,1,0,0,0,1,0,1,4,0,0,0,0,0,0,0,0,0,0,0,0,0,0,0,0,0,0,0,0,0,0,0,0,0,7,2.45,32,2.45,24.9,51.7,4.27,402.40,0.2,0.01
2008-03-10,TRANS,Rookery Branch13,1,2,0,0,10,0,1,0,0,0,0,0,0,0,0,0,0,0,0,0,0,0,0,0,0,0,0,0,0,0,0,0,0,1,0,0,0,0,0,0,0,0,14,1.98,17,1.98,23.7,44.9,3.80,554.00,0.3,0.77
2008-03-10,TRANS,Rookery Branch13,2,2,0,0,1,0,2,0,1,0,1,0,0,1,0,0,2,0,0,0,0,1,0,0,0,0,0,0,0,0,0,0,0,0,0,0,0,1,0,0,0,0,12,2.00,16,2.00,23.7,46.6,3.91,511.00,0.2,0.77
2008-03-10,TRANS,Rookery Branch13,3,9,0,0,9,0,0,0,0,0,0,0,0,0,0,1,0,0,0,0,0,0,0,0,0,0,0,0,0,0,0,0,0,3,0,0,0,0,0,0,0,0,22,2.01,20,2.01,23.8,50.6,4.24,484.60,0.2,0.00
2008-03-10,TRANS,Rookery Branch16,1,0,0,0,0,0,0,0,0,0,0,0,0,0,0,3,0,0,0,0,0,0,0,0,0,0,0,0,0,0,0,0,0,0,0,0,0,2,0,0,0,0,5,0.90,6,1.40,24.3,40.0,3.12,14100.00,8.2,2.31
2008-03-10,TRANS,Rookery Branch16,2,0,0,0,0,0,0,0,0,0,0,0,0,0,0,0,0,0,0,0,0,0,0,0,0,0,0,0,0,0,0,0,0,0,0,0,0,2,0,0,0,0,2,0.90,6,1.20,24.7,36.8,2.99,13290.00,7.6,5.01
2008-03-10,TRANS,Rookery Branch16,3,0,0,0,0,0,0,0,0,0,0,0,0,0,0,0,0,0,0,0,0,0,0,0,0,0,0,0,0,0,0,0,0,0,0,0,0,0,0,0,0,0,0,1.00,6,1.22,25.7,42.9,3.45,12450.00,7.2,1.56
2008-03-11,TRANS,Rookery Branch11,2,19,0,0,6,0,0,0,0,1,0,8,0,1,0,0,2,0,0,0,0,7,0,0,0,0,0,0,0,0,0,0,0,10,0,0,0,0,0,0,0,0,54,1.61,11,1.61,23.5,38.6,3.26,522.00,0.3,0.00
2008-03-11,TRANS,Rookery Branch11,3,27,0,0,13,0,1,0,0,0,3,3,0,2,0,0,2,0,0,0,0,48,0,0,0,0,0,0,0,0,1,0,0,5,0,0,0,0,0,0,1,0,106,1.63,7,1.63,23.5,38.9,3.31,530.00,0.3,0.01
2008-03-11,TRANS,Rookery Branch11,1,13,0,1,4,0,1,0,3,5,6,8,0,0,0,0,0,0,0,0,1,3,0,0,0,0,1,0,0,0,0,0,0,1,0,4,0,0,0,0,0,0,51,1.65,7,1.65,23.5,37.0,3.19,556.00,0.3,0.02
2008-03-11,TRANS,Rookery Branch9,3,22,0,0,8,0,0,0,0,0,1,1,0,10,1,0,14,0,0,0,0,2,0,0,0,0,0,0,0,0,0,0,0,1,0,0,0,2,0,0,0,0,62,1.20,8,1.20,23.0,42.1,3.60,395.20,0.2,0.00
2008-03-11,TRANS,Rookery Branch9,2,17,0,0,14,0,0,0,0,1,0,0,0,5,3,0,10,0,0,0,0,13,0,0,0,0,0,0,0,0,3,0,0,1,0,0,0,0,0,0,1,0,68,1.20,15,1.20,22.3,41.9,3.58,395.50,0.2,0.01
2008-03-11,TRANS,Rookery Branch9,1,11,0,0,6,0,0,0,0,1,0,4,0,2,0,1,7,0,0,0,0,42,0,0,0,0,0,0,0,0,0,0,0,1,0,1,0,1,0,0,0,0,77,2.00,14,2.00,22.8,37.2,3.33,398.60,0.2,0.04
2008-03-19,TRANS,Rookery Branch10,3,29,0,1,8,0,0,0,0,0,0,1,0,5,0,0,2,0,1,0,0,0,0,0,0,0,0,0,0,0,0,0,0,7,0,0,0,1,0,0,0,0,55,1.27,8,1.27,23.9,55.4,4.68,378.10,0.2,0.22
2008-03-19,TRANS,Rookery Branch10,2,24,0,0,5,0,0,0,0,0,0,0,0,2,0,0,5,0,0,0,0,3,0,0,0,1,0,0,0,0,0,0,0,2,0,3,0,0,0,0,0,0,45,1.46,18,1.46,23.3,48.9,4.17,379.50,0.2,0.06
2008-03-19,TRANS,Rookery Branch10,1,9,0,1,17,0,0,0,0,1,0,2,0,7,0,1,8,0,0,0,0,6,0,0,0,1,0,0,0,0,0,0,0,2,0,0,0,1,0,0,0,0,56,1.70,24,1.70,23.2,43.3,3.70,379.70,0.2,0.03
2008-03-19,TRANS,Rookery Branch14,1,0,0,0,0,0,0,0,0,0,0,0,0,3,0,0,0,0,0,0,0,0,0,0,0,0,0,0,0,0,0,0,0,0,0,0,0,0,0,0,0,0,3,1.20,10,2.10,24.4,45.5,3.84,2408.00,1.2,0.10
2008-03-19,TRANS,Rookery Branch14,2,0,0,0,2,0,0,0,0,0,0,0,0,1,0,0,0,0,0,0,0,1,0,0,0,1,0,0,0,0,0,0,0,0,0,0,0,0,0,0,0,0,5,1.25,8,2.30,24.5,36.5,2.95,1936.00,1.0,2.06
2008-03-19,TRANS,Rookery Branch14,3,0,0,0,0,0,0,0,0,0,0,0,0,4,0,0,0,0,0,0,0,0,0,0,0,0,0,0,0,0,0,0,0,0,0,0,0,0,0,0,0,0,4,1.30,16,2.00,24.8,31.6,2.62,1636.00,0.8,0.31
2008-03-19,TRANS,Rookery Branch15,3,0,0,0,0,0,0,0,0,0,0,0,0,0,0,0,0,0,0,0,0,0,0,0,0,0,0,0,0,0,0,0,0,0,0,0,0,0,0,0,0,0,0,1.60,15,1.60,23.3,50.5,4.31,1217.00,0.6,0.05
2008-03-19,TRANS,Rookery Branch15,1,0,0,0,0,0,0,0,0,0,0,0,0,0,0,0,0,0,0,0,0,0,0,0,0,0,0,0,0,0,0,0,0,0,0,0,0,0,0,0,0,0,0,1.62,20,1.62,23.2,46.5,3.92,1601.00,0.8,0.99
2008-03-19,TRANS,Rookery Branch15,2,0,0,0,0,0,0,0,0,0,0,0,0,0,0,0,0,0,0,0,0,0,0,0,0,0,0,0,0,0,0,0,0,0,0,0,0,0,0,0,0,0,0,1.65,18,1.65,23.3,48.7,4.13,1371.00,0.7,0.12
2008-03-19,TRANS,Rookery Branch7,3,0,0,0,0,0,0,0,0,0,0,0,0,0,0,0,2,0,0,0,0,0,0,0,0,0,0,0,0,0,0,0,0,0,0,0,0,0,0,0,0,0,2,1.68,36,1.68,23.2,42.6,3.62,391.10,0.2,0.04
2008-03-19,TRANS,Rookery Branch7,2,0,0,0,0,0,0,0,0,0,0,0,0,0,0,0,2,0,0,0,0,0,0,0,0,0,0,0,0,0,0,0,0,0,0,0,0,0,0,0,0,0,2,1.80,34,1.80,23.7,42.2,3.60,413.40,0.2,0.10
2008-03-19,TRANS,Rookery Branch7,1,0,0,0,0,0,0,0,0,0,0,0,0,0,0,0,4,0,0,0,0,0,0,0,0,0,0,0,0,0,0,0,0,0,0,0,0,0,0,0,0,0,4,2.40,35,2.40,23.7,44.6,3.76,404.60,0.2,0.20
2008-03-19,TRANS,Rookery Branch8,3,7,0,2,12,0,1,0,1,1,2,0,0,7,0,0,3,0,0,0,0,4,0,0,0,2,0,0,0,0,0,0,0,0,0,4,0,0,0,0,0,0,46,1.18,8,1.18,23.3,36.7,3.14,420.90,0.2,0.00
2008-03-19,TRANS,Rookery Branch8,2,8,0,1,18,0,0,1,0,1,1,0,0,19,0,2,1,0,0,0,0,7,0,0,0,0,0,0,0,0,0,0,0,2,0,0,0,0,0,1,0,0,62,1.25,9,1.25,22.2,36.1,2.97,420.60,0.2,0.00
2008-03-19,TRANS,Rookery Branch8,1,11,0,2,18,0,0,0,1,0,0,0,0,8,0,2,5,0,0,0,0,4,0,0,0,0,0,0,0,0,0,0,0,2,0,1,0,0,0,0,0,0,54,1.53,6,1.53,23.0,34.4,2.94,419.50,0.2,0.00
2008-04-28,DRY,Rookery Branch10,1,9,0,0,11,0,1,0,0,0,0,0,0,6,0,0,1,0,0,0,0,0,0,0,0,0,0,0,0,0,0,0,0,0,0,3,0,0,0,0,0,0,31,0.74,33,1.60,25.1,26.2,2.11,7.18,3.9,-9999.00
2008-04-28,DRY,Rookery Branch10,2,11,0,0,2,0,1,0,0,0,0,0,0,1,0,0,2,0,0,0,0,0,0,0,0,0,0,0,1,0,0,0,0,1,0,6,0,1,0,0,0,0,26,1.01,25,1.40,24.7,33.5,2.73,3.12,3.3,-9999.00
2008-04-28,DRY,Rookery Branch10,3,9,0,0,4,0,0,0,0,0,0,0,0,0,0,0,0,0,0,0,0,0,0,0,0,0,0,0,0,0,0,0,0,1,0,1,0,4,0,0,0,0,19,1.10,18,1.47,24.2,28.7,2.35,5.19,2.8,-9999.00
2008-04-28,DRY,Rookery Branch11,3,8,0,0,3,0,1,0,0,0,0,0,0,22,0,0,2,0,0,0,1,0,0,0,0,0,0,0,0,0,0,0,0,0,0,0,0,0,0,0,0,0,37,1.41,5,1.41,24.8,81.3,6.73,877.00,0.4,0.00
2008-04-28,DRY,Rookery Branch11,1,3,0,0,0,0,1,0,1,0,1,0,0,0,0,0,2,0,0,0,0,4,0,0,0,0,0,0,0,0,0,0,0,1,0,2,0,0,0,3,0,0,18,1.45,6,1.45,25.0,77.7,6.38,998.00,0.5,0.00
2008-04-28,DRY,Rookery Branch11,2,8,0,0,5,0,3,0,0,0,0,0,0,1,0,0,0,0,0,0,0,1,0,0,0,0,0,0,0,0,0,0,0,1,0,1,0,0,0,1,0,0,21,1.47,5,1.47,25.0,82.5,6.54,889.00,0.4,0.00
2008-04-28,DRY,Rookery Branch12,2,3,0,0,0,0,0,0,0,0,0,0,0,0,0,0,2,0,0,0,0,0,0,0,0,0,0,0,0,0,0,0,0,0,0,0,0,1,0,1,0,0,7,1.66,9,1.66,24.6,51.9,4.29,1310.00,0.7,0.26
2008-04-28,DRY,Rookery Branch12,3,15,0,0,0,0,0,0,0,0,0,0,0,0,0,0,3,0,0,0,0,0,0,0,0,0,0,0,0,0,0,0,0,1,0,0,0,0,0,0,0,0,19,1.80,10,1.80,24.3,49.1,4.10,1133.00,0.6,0.20
2008-04-28,DRY,Rookery Branch12,1,2,0,0,0,0,0,0,0,0,0,0,0,2,0,0,1,0,0,0,0,0,0,0,0,0,0,0,0,0,0,0,0,0,0,0,0,1,0,0,0,0,6,1.87,6,1.87,24.5,42.6,3.52,1243.00,0.6,0.09
2008-04-28,DRY,Rookery Branch16,3,0,0,0,0,0,0,0,0,0,0,0,0,0,0,0,0,0,0,0,0,0,0,0,0,0,0,0,0,0,0,0,0,0,0,0,0,1,0,0,0,0,1,1.37,7,1.37,23.7,25.0,2.07,913.00,0.4,0.01
2008-04-28,DRY,Rookery Branch16,1,0,0,0,0,0,0,0,0,0,0,0,0,0,0,0,0,0,0,0,0,0,0,0,0,0,0,0,0,0,0,0,0,0,0,0,0,8,0,0,0,0,8,1.45,10,1.45,23.6,33.1,2.77,747.00,0.4,1.60
2008-04-28,DRY,Rookery Branch16,2,0,0,0,0,0,0,0,0,0,0,0,0,0,0,0,0,0,0,0,0,0,0,0,0,0,0,0,0,0,0,0,0,0,0,0,0,1,0,0,0,0,1,1.61,12,1.61,23.4,29.4,2.47,837.00,0.4,2.12
2008-04-28,DRY,Rookery Branch9,3,4,0,0,4,0,0,0,0,0,0,1,0,3,0,0,3,0,2,0,0,2,0,0,0,0,0,0,0,1,0,0,0,0,0,0,0,1,0,0,0,0,21,1.20,15,2.30,29.3,17.8,1.29,16.21,9.4,-9999.00
2008-04-28,DRY,Rookery Branch9,1,5,0,0,3,0,0,0,0,0,0,0,0,2,0,0,4,0,0,0,0,0,0,0,0,0,0,0,0,1,0,0,0,2,0,1,0,0,0,2,0,0,20,1.20,9,2.20,29.8,46.2,3.30,20.37,12.1,-9999.00
2008-04-28,DRY,Rookery Branch9,2,5,0,0,7,0,1,0,0,0,0,0,0,4,0,0,1,0,3,0,0,1,0,0,0,0,0,0,0,0,0,0,0,2,0,0,0,0,0,0,0,0,24,1.50,12,1.95,29.6,33.7,2.41,18.91,11.2,-9999.00
2008-04-29,DRY,Rookery Branch13,2,0,0,0,2,0,0,0,0,0,0,0,0,0,0,1,0,0,0,0,0,0,0,0,0,0,0,0,0,0,0,0,0,0,0,3,0,0,0,0,0,0,6,1.52,9,1.52,24.3,47.8,3.97,2662.00,1.4,0.36
2008-04-29,DRY,Rookery Branch13,1,2,0,0,6,0,0,0,0,0,0,0,0,0,0,1,0,0,1,0,0,0,0,0,0,0,0,0,0,0,0,0,0,2,0,2,0,0,0,0,0,0,14,1.55,23,1.55,24.2,42.5,3.64,2622.00,1.4,0.53
2008-04-29,DRY,Rookery Branch13,3,1,0,0,3,0,0,0,0,0,0,0,0,0,0,0,0,0,0,0,0,0,0,1,0,0,0,0,0,0,0,0,0,2,0,8,0,0,1,0,0,0,16,1.68,13,1.68,24.3,49.8,4.11,2267.00,1.2,0.38
2008-04-29,DRY,Rookery Branch14,1,0,0,0,0,0,0,0,0,0,0,0,0,0,0,0,1,0,0,0,0,0,0,0,0,0,0,0,0,0,0,0,0,0,0,0,0,0,0,0,0,0,1,1.10,15,1.80,25.0,12.5,1.04,1738.00,0.9,0.55
2008-04-29,DRY,Rookery Branch14,2,0,0,0,0,0,0,0,0,0,0,0,0,0,0,0,0,0,0,0,0,0,0,0,0,0,0,0,0,0,0,0,0,1,0,0,0,0,0,0,0,0,1,1.70,7,1.70,24.7,9.2,0.75,1163.00,0.6,0.57
2008-04-29,DRY,Rookery Branch14,3,0,0,0,0,0,0,0,0,0,0,0,0,0,0,0,0,0,0,0,0,0,0,0,0,0,0,0,0,0,0,0,0,0,0,0,0,0,0,0,0,0,0,1.80,9,1.80,24.6,7.9,0.66,1139.00,0.6,0.55
2008-04-29,DRY,Rookery Branch15,1,0,0,0,0,0,0,0,0,0,0,0,0,0,0,0,0,0,0,0,0,0,0,0,0,0,0,0,0,0,0,0,0,0,0,0,0,1,0,0,0,0,1,1.00,6,1.93,24.5,42.2,3.44,4722.00,2.5,2.13
2008-04-29,DRY,Rookery Branch15,2,0,0,0,0,0,0,0,0,0,0,0,0,0,0,0,0,0,0,0,0,0,0,0,0,0,0,0,0,0,0,0,0,1,0,0,0,2,0,0,0,0,3,1.40,16,1.75,24.8,28.6,2.30,4783.00,2.6,1.58
2008-04-29,DRY,Rookery Branch15,3,0,0,0,0,0,0,0,0,0,0,0,0,0,0,0,0,0,0,0,0,0,0,0,0,0,0,0,0,0,0,0,0,0,0,0,0,0,0,0,0,0,0,1.50,12,2.10,24.1,25.3,2.14,4551.00,2.2,1.25
2008-04-29,DRY,Rookery Branch7,2,0,0,0,0,0,0,0,0,0,0,0,0,0,0,0,0,0,0,0,0,0,0,0,0,0,0,0,0,0,0,0,0,0,0,0,0,0,0,0,0,0,0,0.75,32,1.90,28.3,72.8,5.64,1.49,0.7,-9999.00
2008-04-29,DRY,Rookery Branch7,3,0,0,0,0,0,0,0,0,0,0,0,0,0,0,0,3,0,0,0,0,0,0,0,0,0,0,0,0,0,0,0,0,0,0,0,0,0,0,0,0,0,3,1.10,30,2.00,28.9,85.5,6.61,1.53,0.8,-9999.00
2008-04-29,DRY,Rookery Branch7,1,0,0,0,1,0,0,0,0,0,0,0,0,0,0,0,4,0,0,0,0,0,0,0,0,0,0,0,0,0,0,0,0,0,0,0,0,0,0,0,0,0,5,1.56,16,1.56,26.0,17.3,1.37,1.53,0.8,-9999.00
2008-04-29,DRY,Rookery Branch8,3,3,0,0,1,0,1,0,0,0,0,0,0,0,0,1,1,0,0,0,0,1,0,1,0,0,0,0,0,0,0,0,0,1,0,3,0,0,0,0,0,0,13,1.10,22,1.80,28.4,35.0,2.64,4.04,2.9,-9999.00
2008-04-29,DRY,Rookery Branch8,2,8,0,0,0,0,0,0,1,0,0,0,0,0,0,3,0,0,1,0,0,0,0,1,0,0,0,0,0,0,0,0,0,0,0,6,0,0,0,0,0,0,20,1.20,25,1.72,28.8,35.7,2.73,4.92,2.6,-9999.00
2008-04-29,DRY,Rookery Branch8,1,2,0,0,3,0,0,0,0,0,0,0,0,2,0,0,1,0,0,0,0,1,0,0,0,0,0,0,0,0,0,0,0,0,0,4,0,0,0,0,0,0,13,1.50,18,1.80,24.8,31.4,2.40,5.08,2.7,-9999.00
